5.32
27.77
88.93
11.35
28.59
48.95
60.12
21.77
1.38
63.86
51.09
31.44
4.73
60.13
3.27
58.21
84.30
78.78
19.09
83.30
90.27
57.69
24.74
78.67
31.03
94.06
48.39
0.33
90.57
59.83
34.23
83.76
26.34
30.95
22.57
31.77
25.35
69.49
7.68
36.89
85.19
63.66
46.72
89.29
73.72
45.74
27.93
36.95
54.33
41.93
9.79
50.73
14.11
64.98
20.89
96.05
32.49
71.97
26.83
32.11
9.66
34.73
15.66
22.80
73.63
52.08
70.91
1.63
57.45
23.93
13.28
13.22
78.40
12.97
58.81
26.00
66.72
22.25
66.27
83.67
75.87
40.38
78.33
13.94
66.23
79.02
41.24
49.88
93.87
22.25
4.05
55.11
45.92
70.19
38.70
38.92
22.69
78.58
16.69
31.58
51.59
39.05
77.11
21.42
73.47
68.80
30.48
58.77
61.85
16.65
79.61
65.35
71.15
50.36
51.14
96.89
15.47
67.41
20.31
54.25
16.02
56.62
41.04
74.78
85.94
55.96
36.55
48.31
97.90
9.10
7.87
5.66
78.92
72.25
92.21
56.78
94.21
88.93
55.18
73.70
98.28
13.97
39.74
95.09
37.74
6.33
48.08
11.35
37.19
27.73
57.86
2.00
25.86
22.61
92.96
71.46
98.78
36.90
6.27
1.17
42.59
90.37
86.20
92.88
20.49
92.06
69.76
69.63
11.64
61.17
42.76
35.81
60.54
37.14
19.58
34.33
72.55
9.80
50.21
81.19
52.86
31.98
49.50
77.51
20.75
92.13
47.77
79.76
36.83
4.57
78.18
59.17
21.62
20.42
65.43
89.84
14.74
44.52
57.11
9.12
68.91
95.15
55.81
19.47
50.73
91.90
34.29
19.53
97.79
43.85
87.43
61.48
84.49
5.96
82.95
80.96
82.25
22.63
32.40
79.58
76.73
59.73
63.50
64.72
24.48
31.91
20.16
35.59
64.51
19.58
55.40
8.39
99.64
58.48
30.97
75.72
20.04
18.58
89.26
36.83
32.73
92.29
24.71
76.17
86.66
8.06
58.09
27.04
0.81
81.44
4.68
10.26
16.88
65.90
18.92
23.44
17.06
59.66
55.86
62.33
27.86
57.30
87.65
9.71
17.94
5.05
22.91
36.62
83.48
56.87
68.07
28.27
23.72
26.03
18.09
32.41
29.60
61.88
38.23
10.03
18.84
3.98
94.95
57.45
37.33
16.30
51.06
56.70
99.25
33.41
71.49
62.98
97.40
96.81
40.47
32.88
77.48
72.27
69.24
92.47
37.21
46.23
55.25
39.85
88.59
2.55
39.33
22.74
21.41
64.05
55.81
