14.88
8.67
57.03
54.76
50.51
19.84
87.29
18.39
70.70
25.29
87.65
24.14
46.19
36.74
39.32
96.60
58.16
36.72
32.04
15.05
30.53
63.64
69.05
37.06
22.95
97.63
88.46
85.78
36.35
42.13
97.19
20.35
6.78
30.81
55.14
18.69
22.77
90.13
85.23
3.71
92.25
13.72
80.88
25.90
84.92
64.20
92.55
26.06
35.79
48.66
95.43
2.66
92.95
27.31
98.22
17.74
76.91
53.89
94.33
57.73
37.74
17.05
15.43
62.73
54.60
79.44
21.03
64.85
76.52
16.24
46.41
74.64
26.75
92.88
17.15
59.49
56.25
55.62
1.56
25.31
76.45
25.73
84.72
87.18
39.29
77.95
1.37
17.54
16.23
76.37
6.03
92.67
67.78
93.17
5.34
14.52
91.16
6.59
85.23
4.07
2.79
18.17
3.06
32.23
49.77
62.18
70.34
68.38
5.39
71.47
57.01
17.80
50.31
59.24
55.21
20.75
92.33
34.28
95.61
94.91
63.59
72.63
15.85
63.12
89.18
50.12
82.80
98.50
58.54
33.04
93.16
9.67
0.08
64.82
85.61
11.51
53.68
65.52
41.81
73.95
4.99
53.45
59.27
48.03
92.58
97.42
58.67
67.81
72.15
66.98
43.90
83.94
40.44
18.09
29.05
57.36
13.04
61.69
4.19
16.05
46.75
63.68
52.14
75.45
0.71
31.70
9.29
47.56
64.24
61.24
15.22
61.51
31.20
44.24
94.03
48.45
87.55
63.11
40.19
9.33
23.73
19.37
46.49
41.52
37.24
68.71
1.96
86.15
91.51
86.27
93.72
79.61
73.27
49.26
23.80
44.76
88.48
63.86
89.71
49.49
44.39
0.02
55.13
30.58
14.29
46.10
96.88
48.91
21.22
72.66
75.13
77.92
12.78
80.29
79.29
71.69
39.51
63.34
69.80
16.63
74.84
18.88
75.02
62.27
32.40
56.18
31.93
1.01
38.32
37.30
49.86
66.64
90.29
32.89
24.45
37.41
33.92
53.56
2.84
11.89
3.84
37.02
16.39
61.67
24.38
73.47
52.38
46.80
36.22
11.41
21.99
74.75
80.66
0.64
85.40
57.19
78.03
45.82
8.07
52.67
29.02
21.47
28.06
68.90
78.39
17.52
92.38
21.09
77.29
93.50
49.55
35.10
69.04
99.27
88.47
95.04
88.38
55.76
43.90
24.94
63.78
33.21
41.16
5.91
18.05
65.04
59.15
62.09
31.59
51.72
82.60
69.79
77.03
84.81
93.81
24.89
68.11
86.24
70.65
87.69
54.81
62.75
26.17
40.01
1.39
95.42
11.29
65.53
19.36
33.77
65.57
99.34
0.79
79.65
0.33
31.36
42.02
25.91
14.91
11.60
95.55
65.79
17.89
91.49
25.89
47.64
52.84
20.93
87.88
50.34
54.29
23.58
52.22
99.10
3.85
33.89
73.50
37.17
57.00
4.60
91.54
27.16
41.63
60.91
9.31
18.40
40.15
78.96
42.26
92.80
67.37
34.86
9.33
14.55
67.53
19.45
61.89
84.96
6.88
70.41
17.54
67.26
28.70
32.59
29.99
57.29
95.58
2.82
46.39
31.36
31.97
34.74
15.87
39.30
39.90
12.16
22.39
48.26
90.04
80.48
42.17
47.44
78.30
92.28
89.53
67.86
45.99
96.51
58.98
77.16
7.32
16.64
10.01
34.13
34.98
85.37
42.93
89.12
7.30
37.35
6.54
61.79
58.34
15.99
63.01
70.99
88.82
45.06
62.75
30.52
42.55
9.36
91.80
11.52
57.16
9.46
35.75
57.20
85.10
59.43
75.82
37.99
24.39
83.10
3.90
1.15
33.35
96.43
91.62
85.17
55.56
2.99
35.37
38.46
81.99
42.88
88.86
58.51
47.78
93.30
97.43
34.77
49.10
66.88
17.72
7.08
49.18
21.29
25.51
48.97
31.94
92.61
44.90
58.07
39.20
49.08
2.00
12.67
11.86
99.12
99.25
77.42
45.31
39.66
60.07
97.94
75.64
5.97
77.96
38.42
90.02
10.90
48.46
50.76
17.41
72.87
61.84
87.89
25.33
79.66
78.40
99.11
16.06
17.25
57.58
3.12
56.68
7.37
23.40
51.16
4.97
58.48
62.84
46.63
74.58
55.50
9.88
58.92
45.56
88.87
28.93
14.44
43.58
11.56
10.86
68.83
19.83
8.69
45.44
63.48
73.73
42.55
52.38
50.38
7.34
72.05
43.77
86.07
68.36
4.32
81.42
64.92
77.93
72.25
28.81
44.28
56.06
81.58
90.03
27.63
3.87
27.01
69.17
38.05
45.06
10.34
78.58
35.16
83.41
54.87
78.18
84.60
73.75
68.96
97.53
7.54
31.11
86.90
96.52
3.58
86.15
33.37
41.57
32.78
41.79
18.98
34.46
96.32
81.32
99.54
5.83
89.26
23.74
7.64
60.21
24.92
50.20
0.25
44.27
99.80
1.18
54.01
93.76
41.16
56.85
32.00
20.71
91.56
87.90
55.42
86.53
52.38
86.66
85.78
49.46
16.16
25.30
1.80
57.78
5.34
93.77
91.87
63.40
89.83
50.38
56.42
17.56
67.16
9.40
23.11
88.71
68.16
22.72
23.61
39.91
78.11
4.98
80.12
16.73
27.84
98.04
81.74
63.87
56.36
38.95
95.53
27.74
42.50
40.61
35.20
77.74
34.16
95.72
6.68
51.95
80.39
98.66
56.61
10.30
40.46
42.75
22.72
61.53
72.59
30.15
82.02
17.94
81.16
99.21
95.71
43.07
54.86
39.82
44.02
21.91
33.10
88.29
30.47
31.33
16.94
98.75
88.20
65.84
0.06
37.81
56.68
34.52
60.30
25.70
49.64
37.70
68.33
36.23
8.77
60.04
99.16
9.20
87.58
24.18
3.53
68.22
15.60
76.19
44.83
50.60
53.60
50.76
62.40
13.43
69.01
56.65
28.96
66.69
92.98
24.76
69.20
66.09
19.25
65.91
26.74
84.16
74.98
26.89
67.01
36.68
92.27
98.95
21.75
48.09
53.72
44.12
51.40
21.87
43.30
18.23
26.95
89.68
49.65
72.14
51.58
61.05
20.54
17.41
16.16
35.97
86.43
35.01
64.06
68.60
11.95
41.98
1.33
75.58
36.10
55.11
59.04
52.47
4.12
51.47
87.00
91.02
85.36
93.32
69.35
25.51
45.24
48.92
63.73
15.31
58.26
81.71
95.16
83.96
88.87
85.85
4.57
33.82
48.62
14.50
95.78
19.65
49.87
9.22
41.73
12.32
5.66
88.08
62.50
13.98
71.74
88.11
35.96
77.66
45.66
81.41
92.59
93.01
33.96
0.48
77.22
55.30
13.10
23.58
32.59
90.92
90.55
24.23
94.78
10.69
58.62
83.07
86.62
15.55
51.83
1.02
43.03
16.47
20.33
37.29
96.45
84.22
0.79
61.43
28.19
88.48
89.34
89.41
52.72
43.31
13.81
70.24
0.96
18.16
95.34
28.06
97.38
46.78
52.34
15.97
43.63
14.37
42.57
85.39
33.63
60.52
36.37
53.33
73.35
2.33
44.43
1.55
27.01
81.99
35.23
20.29
42.57
17.37
89.78
0.96
4.67
78.62
25.24
7.59
68.09
0.79
25.80
85.01
57.11
22.37
44.07
50.30
24.49
91.14
66.73
74.26
39.06
0.73
86.97
47.05
25.70
27.62
91.97
93.48
99.29
82.59
0.12
68.05
63.45
34.12
65.05
36.87
88.59
73.06
84.14
41.24
23.80
34.86
68.15
48.18
15.04
39.27
46.17
3.89
49.21
66.54
21.14
46.25
76.72
25.77
48.51
89.06
95.37
94.99
25.95
94.22
88.78
51.18
78.04
77.44
69.70
71.99
49.32
7.84
64.95
91.61
10.16
37.15
82.53
14.47
86.84
54.25
24.96
89.36
24.33
11.70
85.58
40.58
92.60
99.12
5.69
86.09
6.82
47.62
58.23
97.16
57.14
98.86
74.86
22.05
75.85
51.28
37.28
23.61
73.54
22.39
77.26
64.55
27.82
76.36
9.84
66.11
29.30
5.62
63.38
51.51
35.93
3.93
35.23
61.08
39.06
94.33
87.24
56.36
28.46
78.59
48.14
33.63
24.85
60.54
81.22
86.02
90.13
43.97
31.85
71.86
22.18
33.88
81.52
0.51
64.65
3.17
70.86
43.98
3.19
79.52
16.87
88.56
54.10
21.73
35.63
87.10
45.99
29.07
59.21
6.77
0.71
69.63
19.29
75.81
64.12
94.38
19.74
79.20
36.45
33.22
80.88
35.15
16.59
66.07
95.90
22.13
96.95
45.64
75.77
4.58
63.41
70.30
20.49
70.86
76.62
9.07
74.93
91.76
83.60
89.94
26.38
71.50
68.31
14.95
51.78
53.77
84.52
81.94
15.32
39.23
9.10
82.33
49.62
2.42
3.49
83.59
34.93
50.72
21.63
77.37
1.75
89.23
32.09
95.47
2.61
40.23
43.59
33.14
95.38
50.37
80.92
47.86
14.25
5.18
83.61
25.29
2.66
58.76
36.94
80.33
39.47
0.60
14.25
26.89
36.43
89.96
38.80
91.46
8.70
82.49
61.93
21.73
60.25
98.84
92.04
83.73
22.12
40.81
18.15
54.43
75.54
87.98
35.96
10.86
28.53
88.79
77.18
65.39
8.45
28.98
45.49
96.47
73.95
75.94
34.53
76.44
92.24
30.26
59.02
66.27
35.40
47.16
31.36
16.68
89.97
78.34
60.76
55.37
96.63
90.73
51.43
32.67
14.01
62.56
33.23
90.13
16.61
33.79
27.74
62.42
97.26
44.70
28.38
93.29
5.82
21.91
17.63
21.26
80.78
6.83
39.20
85.11
44.47
97.35
99.12
27.61
32.79
27.12
5.75
27.62
32.59
17.60
55.57
23.59
89.46
72.34
50.49
16.63
41.94
71.09
66.59
48.80
11.93
15.34
2.84
64.56
93.10
73.74
64.92
32.55
16.15
8.90
13.59
2.16
5.78
32.48
73.10
44.45
27.57
83.43
30.66
89.77
73.06
45.22
76.45
99.08
78.80
33.20
6.31
62.12
24.91
92.56
9.63
4.60
24.76
8.73
74.86
60.75
74.77
56.31
43.09
41.73
26.50
13.25
86.82
92.83
28.53
6.56
56.71
93.51
62.50
50.09
96.86
43.18
6.35
97.02
21.81
80.50
32.72
44.47
21.15
18.82
95.40
42.59
88.04
17.37
52.87
36.69
56.93
60.47
40.86
3.39
52.75
4.44
81.24
58.00
33.90
23.74
35.46
64.89
4.07
51.57
80.60
42.77
19.64
2.54
88.58
71.34
11.65
76.76
19.06
83.26
27.84
55.57
58.90
87.21
55.67
55.24
84.98
30.71
67.10
24.23
66.13
19.29
45.79
47.10
0.89
15.54
34.36
84.21
8.49
73.61
87.22
68.35
58.59
42.81
95.93
15.25
53.37
31.35
21.15
91.27
6.24
73.41
61.89
52.03
1.99
84.20
81.94
77.59
35.38
46.67
60.92
66.38
67.78
43.46
95.93
47.34
10.23
29.62
61.89
16.47
61.63
36.55
5.97
12.42
41.31
34.13
49.66
14.92
62.74
91.47
6.95
78.17
47.44
44.30
11.97
72.78
94.97
44.80
49.45
63.61
93.75
74.20
36.60
25.38
51.06
64.93
64.07
1.08
15.76
21.79
22.69
8.75
71.93
93.57
81.99
19.14
14.17
65.60
56.98
44.10
86.70
20.87
99.11
88.43
15.73
72.51
14.06
98.75
45.79
9.31
32.00
10.72
8.66
63.41
42.55
82.96
13.95
86.81
65.87
19.23
10.28
57.69
51.55
77.27
31.14
55.51
85.59
47.72
42.63
5.91
48.77
79.25
73.19
97.76
22.56
69.33
47.85
84.90
76.84
68.14
12.43
89.26
53.17
93.48
26.17
96.51
13.82
99.74
10.96
93.05
27.20
53.85
54.54
4.17
21.16
61.03
55.58
94.94
0.92
96.72
99.93
56.13
42.84
9.44
70.22
58.97
80.82
48.35
7.63
74.20
96.80
65.96
52.01
62.20
61.31
79.88
58.87
51.12
9.63
93.79
73.53
27.00
74.33
4.32
58.81
6.35
39.81
58.83
48.99
14.66
82.06
6.80
85.01
2.94
25.72
45.65
77.84
65.53
0.47
70.84
31.56
0.46
86.64
66.33
4.35
1.22
63.81
37.03
79.45
50.20
66.19
24.71
62.19
3.04
63.44
22.78
84.47
73.27
87.66
21.06
50.78
70.80
46.49
54.55
7.67
12.59
42.93
96.05
97.86
78.42
19.78
44.77
36.52
94.74
66.56
82.08
96.70
70.61
95.71
23.39
75.19
66.23
61.20
49.39
69.12
12.51
85.34
8.62
40.53
22.33
3.45
0.52
82.44
14.87
0.30
23.06
85.07
47.42
33.09
49.32
12.27
32.65
35.51
74.14
23.88
73.24
67.68
50.00
66.30
44.42
57.98
82.63
61.55
26.19
78.96
93.23
41.32
15.76
13.47
56.42
89.83
57.59
92.80
6.83
16.25
89.18
5.29
23.10
44.94
54.03
79.57
23.59
47.33
54.81
97.23
1.15
57.09
24.91
99.29
94.34
48.58
37.19
34.62
57.43
43.94
49.74
0.12
91.94
2.84
7.50
75.50
82.02
4.66
39.86
35.70
82.30
28.93
40.89
25.01
38.85
19.23
89.62
83.02
47.00
9.03
69.37
47.41
92.53
8.79
45.85
68.93
60.05
11.19
32.69
68.08
14.65
2.52
75.07
99.13
70.39
83.90
48.51
99.90
77.81
14.05
66.54
8.99
59.39
24.18
33.39
58.78
74.62
70.51
78.08
56.36
58.30
40.01
99.66
80.56
87.22
75.36
98.51
70.87
75.56
56.12
70.33
78.67
2.45
70.07
64.70
62.31
87.63
91.95
75.06
28.65
97.19
54.22
28.04
96.67
82.11
21.23
53.19
57.32
24.97
1.82
53.85
35.83
15.19
78.63
15.90
60.03
26.39
93.99
22.49
20.92
25.87
63.74
80.36
28.31
2.52
19.99
18.16
1.68
73.09
32.01
75.86
1.30
17.57
87.18
80.12
48.64
43.30
29.51
1.73
72.64
17.58
35.85
30.04
53.66
56.26
65.00
9.70
51.40
46.03
94.69
72.70
63.11
28.18
31.92
13.37
39.57
82.88
26.48
46.44
37.40
32.06
81.60
44.03
1.39
82.44
6.73
40.13
80.39
42.77
72.41
58.85
27.90
31.36
49.17
81.91
63.37
76.61
28.18
48.95
27.80
34.06
72.68
89.62
17.57
56.28
93.64
68.43
43.08
30.15
36.08
99.24
67.58
52.19
43.91
5.46
33.28
60.29
33.17
91.66
26.78
9.58
35.01
61.94
87.40
67.12
7.26
37.26
15.07
50.77
41.91
36.96
65.19
88.75
40.21
34.41
72.01
30.76
98.47
85.44
93.12
88.79
24.80
57.43
9.50
62.41
82.91
89.23
73.93
93.61
55.35
77.42
36.11
20.76
31.80
62.46
63.16
53.28
69.70
38.42
2.09
94.20
49.91
83.13
56.25
5.25
39.90
39.21
81.56
68.58
79.27
59.54
13.25
86.40
34.01
66.76
25.48
94.19
46.88
62.06
41.71
83.99
24.08
44.13
50.54
46.22
25.21
32.19
7.65
59.47
87.04
39.81
80.28
58.93
60.26
7.38
5.41
57.13
10.30
17.61
63.78
1.98
27.25
18.12
97.69
49.22
11.68
60.59
94.74
40.73
60.26
70.63
19.50
75.00
57.66
41.27
18.61
41.79
31.39
39.26
90.69
28.81
42.12
16.54
99.42
15.08
41.68
84.59
62.18
56.92
1.12
26.87
91.14
12.71
30.22
73.40
95.46
4.51
31.82
21.74
79.17
54.14
29.49
10.37
40.26
36.54
45.63
84.79
29.28
25.77
21.95
16.27
57.18
23.27
0.50
20.29
96.37
38.82
68.09
54.95
70.53
53.13
57.80
85.04
29.04
92.50
91.51
71.85
19.59
7.21
3.47
51.76
15.65
11.58
25.40
42.94
0.91
33.83
70.20
28.29
42.00
88.82
48.83
28.86
49.87
80.06
28.86
2.26
81.61
45.16
50.47
53.61
27.68
53.55
17.27
65.33
26.48
86.83
49.09
43.12
34.41
51.18
56.84
25.71
43.23
39.15
26.65
3.80
77.20
95.42
84.17
11.01
15.57
31.57
4.66
10.83
38.42
7.29
59.27
32.28
34.83
35.00
85.04
34.23
78.46
5.67
9.35
11.47
23.23
21.50
40.55
97.00
76.06
43.88
22.65
87.59
68.21
13.17
62.90
96.07
29.96
2.25
52.31
94.94
67.78
49.95
28.62
5.27
79.24
9.54
91.58
93.65
77.88
25.88
47.92
88.15
68.72
32.08
92.14
65.06
43.84
69.17
65.80
39.41
31.88
73.99
76.13
33.43
19.42
8.98
41.95
60.21
44.05
5.64
68.03
61.41
46.94
70.21
62.79
30.23
18.97
47.20
61.48
83.36
32.25
7.35
95.93
94.10
58.36
63.28
77.71
3.59
39.46
91.76
75.55
92.21
90.23
77.35
94.71
27.18
94.16
49.60
45.09
17.51
76.18
57.32
12.53
19.45
23.59
74.91
70.06
38.47
66.76
0.61
18.31
98.89
38.19
9.31
4.51
43.36
49.80
84.32
83.29
3.33
76.73
26.19
58.96
63.84
26.47
10.42
74.17
3.28
53.42
54.09
49.55
62.11
34.41
49.09
32.37
2.52
40.27
86.58
17.36
64.10
80.92
17.25
92.72
29.91
11.13
78.23
1.91
63.73
41.39
17.35
82.65
47.18
69.65
65.41
21.59
32.12
89.21
13.14
29.39
21.02
16.56
35.91
76.69
1.95
12.83
97.69
86.04
14.17
43.33
54.10
72.62
32.51
23.07
60.52
64.08
94.33
1.69
66.01
20.55
96.08
76.33
61.62
87.69
40.73
33.56
60.75
81.15
6.40
84.07
9.31
52.95
27.50
25.21
57.33
86.48
90.12
67.20
54.87
37.80
4.90
66.93
92.52
38.52
85.49
6.30
4.64
63.38
72.65
85.31
74.88
51.17
37.71
14.60
51.45
68.32
95.54
21.79
24.65
97.68
82.16
7.94
34.88
97.22
86.12
92.09
39.78
52.54
83.45
49.41
62.31
12.15
4.76
4.06
88.03
13.33
90.66
85.29
48.25
31.55
93.83
37.85
33.42
18.17
16.06
51.11
47.17
19.01
58.23
91.50
9.70
97.61
59.77
81.53
58.85
91.69
54.89
19.56
12.45
22.12
44.78
10.92
5.87
51.18
64.34
11.20
7.92
95.93
72.23
9.00
98.22
85.88
8.12
73.53
48.63
78.05
6.41
40.32
76.37
13.13
57.90
92.65
57.93
99.45
92.85
14.52
46.85
89.56
90.15
6.63
46.26
48.71
71.41
1.72
22.90
21.87
10.94
86.42
78.96
36.53
35.01
72.92
76.84
52.25
47.30
74.81
11.96
43.68
93.92
75.18
65.41
82.56
14.96
81.68
61.21
22.52
55.99
1.79
40.82
55.44
29.76
19.43
86.47
42.52
23.89
11.53
99.87
12.65
86.92
12.17
24.43
0.47
13.62
14.88
73.79
0.98
67.26
40.81
9.70
56.98
64.29
60.09
90.04
28.94
54.16
6.19
59.91
57.33
26.98
24.46
66.09
52.36
9.32
91.76
89.10
54.91
60.68
88.14
6.89
76.55
6.87
90.89
80.62
65.07
5.18
48.37
43.96
23.37
52.43
23.37
29.11
7.10
16.97
60.18
79.83
57.25
62.54
31.37
42.16
30.39
25.51
98.78
32.34
5.15
91.63
87.61
80.72
49.96
73.92
78.17
92.32
10.15
90.18
36.21
53.04
81.93
0.73
19.24
27.40
65.01
89.45
81.86
9.86
61.62
77.58
67.39
19.82
79.73
10.18
6.66
68.72
75.84
19.16
12.67
43.28
52.04
17.21
21.53
21.36
1.36
68.79
25.47
99.87
80.72
53.18
21.46
43.03
4.89
72.75
31.39
92.04
90.15
18.58
96.25
9.94
29.52
92.45
90.75
12.22
42.11
84.04
11.67
96.99
46.94
37.70
27.89
61.28
41.80
61.47
56.61
30.50
69.54
90.49
80.36
84.60
81.29
70.18
97.35
68.02
99.35
80.80
70.77
69.87
52.75
95.22
74.66
18.24
35.78
10.64
65.67
76.04
40.86
87.79
9.71
74.57
14.85
6.40
71.12
82.92
6.93
19.77
62.86
93.06
32.43
68.64
40.70
20.45
74.01
31.17
1.92
60.52
61.17
57.16
64.11
5.65
92.87
54.29
97.71
19.24
69.93
49.22
96.40
74.66
43.03
1.03
26.51
37.42
57.58
19.80
0.47
17.76
43.67
5.23
73.26
68.15
63.48
40.26
85.96
73.90
41.27
3.80
48.07
63.41
80.07
39.34
2.59
