7.03
75.53
10.65
24.11
88.47
90.53
85.46
80.10
54.10
85.70
87.26
14.78
66.86
29.64
13.45
29.78
12.44
27.15
89.67
20.20
28.50
75.63
92.89
70.00
40.23
95.80
26.67
70.45
12.73
28.45
1.78
45.21
8.11
23.56
22.14
18.70
15.18
17.50
54.91
19.93
62.25
37.40
53.86
40.81
67.40
67.09
85.76
34.65
57.14
49.10
49.45
95.38
27.18
60.89
6.64
1.81
29.59
42.97
23.71
22.23
37.05
53.55
0.86
29.25
99.45
87.67
61.84
41.12
72.70
6.05
15.27
92.42
1.93
32.52
11.01
13.71
27.32
97.86
38.72
27.99
4.28
4.69
66.54
60.23
21.77
23.13
97.42
30.76
12.98
89.42
63.16
11.10
56.52
12.27
83.85
11.14
69.45
41.54
66.87
88.05
92.69
44.71
7.21
47.51
48.13
12.08
50.13
23.16
44.15
16.88
95.91
8.92
29.93
41.44
63.97
62.51
91.99
5.00
84.07
97.84
55.89
87.94
82.02
55.98
22.38
29.57
54.10
7.82
45.45
94.98
29.84
50.20
52.08
19.60
10.77
53.07
13.53
64.16
34.62
93.48
30.79
57.56
34.12
61.38
34.39
58.71
41.35
38.80
82.95
20.12
63.41
57.52
59.51
72.78
62.88
97.42
54.55
70.55
79.86
91.57
24.13
65.95
97.48
68.74
91.61
56.73
65.40
28.06
5.62
24.97
80.49
57.74
54.97
42.11
42.56
47.48
71.10
36.72
45.32
56.63
94.59
89.44
89.69
64.09
2.89
41.05
16.78
90.38
6.80
23.91
96.95
38.23
13.73
20.98
78.79
88.41
57.94
93.61
67.41
40.95
12.81
73.92
17.77
2.39
22.89
38.10
32.52
57.55
57.06
2.19
46.77
16.51
10.70
38.11
9.54
28.18
71.03
10.60
50.57
89.04
78.61
60.39
16.36
16.30
74.61
42.25
95.17
57.00
11.24
91.34
5.71
61.99
89.62
78.34
20.47
64.53
83.68
47.92
23.77
55.87
68.15
50.56
88.25
54.79
58.30
35.55
88.25
90.10
44.02
21.67
44.49
20.40
18.15
13.70
32.09
51.54
71.57
3.87
86.94
52.99
97.13
7.85
41.67
9.89
30.14
21.77
60.98
9.85
40.47
51.78
84.43
25.53
43.13
15.96
41.86
53.14
85.90
10.81
88.79
63.06
37.55
43.77
51.30
73.33
23.60
65.23
42.82
16.96
95.05
39.26
79.25
31.16
19.65
4.40
64.94
19.15
94.84
19.80
53.45
89.13
10.94
46.84
96.88
83.72
60.93
29.93
57.54
24.74
7.52
86.30
36.60
85.91
85.90
94.92
4.49
16.98
86.02
21.01
59.74
23.22
98.78
88.37
54.26
36.97
94.10
85.48
78.19
86.91
81.06
64.37
56.33
94.09
57.11
41.30
43.91
97.81
84.42
75.92
22.43
70.75
48.78
96.51
15.39
71.27
3.94
86.67
35.91
74.06
26.41
67.98
48.95
90.53
16.52
85.68
80.22
7.54
55.25
29.25
57.93
6.07
83.86
69.33
27.47
38.16
61.84
94.29
48.61
84.20
35.46
37.86
65.67
50.18
84.12
66.60
35.49
21.22
52.79
85.19
40.07
94.72
86.88
9.36
89.86
74.64
65.80
50.87
38.00
24.18
92.37
33.19
61.32
35.19
71.75
19.12
36.06
80.28
88.63
80.62
51.05
7.75
59.22
18.06
71.38
27.64
91.26
10.93
28.24
71.20
17.24
82.90
1.92
86.87
65.00
70.99
56.65
81.53
4.81
1.65
58.08
35.12
69.79
47.26
39.10
35.07
17.49
0.01
16.90
77.55
37.15
31.86
82.81
22.33
57.48
8.03
74.64
42.29
38.37
58.86
23.61
70.25
83.46
12.03
99.01
41.21
11.41
7.03
88.09
33.09
40.36
36.68
19.28
86.96
29.60
75.28
8.33
19.95
39.37
88.36
89.89
64.12
68.28
46.12
96.30
50.29
96.97
78.81
39.72
15.63
86.52
75.47
81.08
28.32
56.88
15.77
79.81
85.82
15.20
27.10
48.97
84.33
53.25
61.29
25.87
82.77
2.60
9.75
79.28
92.17
49.95
3.96
83.28
59.65
61.75
92.12
73.88
55.68
44.62
1.66
5.29
15.74
68.72
80.34
77.19
69.93
69.22
94.75
85.36
38.30
95.54
26.60
62.39
45.39
80.53
10.07
10.92
57.24
13.65
96.96
12.82
98.39
53.50
64.54
89.15
82.86
25.76
91.47
55.83
41.10
97.38
85.20
98.95
25.90
13.45
19.67
79.45
14.66
96.77
4.90
46.78
56.36
30.59
86.13
23.68
77.40
24.18
69.15
52.90
69.73
69.84
43.51
17.90
2.19
21.82
51.80
44.97
0.69
8.56
61.95
43.47
85.42
90.27
99.46
50.10
17.21
49.32
2.73
11.21
92.78
20.56
22.08
28.76
64.41
75.61
30.00
29.49
83.77
37.55
48.49
65.70
53.87
32.94
32.93
24.52
92.07
86.57
9.04
14.47
86.17
1.95
28.12
74.28
55.06
43.27
69.64
69.43
4.52
58.08
44.08
48.47
42.78
85.27
57.93
12.09
90.16
15.72
35.13
0.79
93.30
1.07
78.94
52.81
83.77
76.44
52.54
68.06
78.35
10.11
4.84
19.05
32.19
12.69
8.91
63.79
26.29
98.53
41.81
86.56
55.83
29.58
25.35
18.95
91.79
43.43
36.16
76.80
45.15
80.39
30.58
64.06
83.57
74.97
8.38
62.62
5.41
70.45
85.80
26.98
66.32
63.15
84.32
4.36
51.20
83.78
88.01
41.91
3.47
18.90
60.87
71.09
85.03
14.76
34.97
16.49
41.09
28.33
61.93
9.06
88.75
73.82
44.74
47.12
92.99
20.58
93.65
72.57
13.00
38.49
6.64
55.68
26.49
56.49
74.37
27.44
17.82
50.33
14.09
2.95
90.69
4.49
11.04
7.38
84.86
80.90
19.59
38.65
66.48
86.09
74.99
92.77
27.82
60.11
9.69
44.76
76.56
17.09
21.97
18.92
25.81
37.70
77.98
5.90
65.04
27.25
17.32
47.26
86.33
77.63
88.01
47.29
23.91
13.41
43.28
19.34
71.60
12.05
36.95
70.10
45.81
87.61
62.14
78.55
50.42
50.83
46.46
87.17
31.18
26.63
19.97
35.57
98.01
11.14
34.42
4.38
6.48
96.84
68.70
5.86
27.73
88.25
83.69
68.31
75.53
45.37
2.29
32.31
94.33
40.30
1.32
6.77
96.10
65.06
72.41
88.07
5.93
24.81
50.53
94.24
73.39
52.77
33.18
56.82
58.59
90.89
97.39
1.63
80.85
24.06
98.13
27.52
60.73
62.06
63.26
54.07
72.32
99.00
87.41
86.85
63.74
59.03
2.35
36.92
35.85
24.72
91.14
36.31
95.31
76.81
13.74
31.67
69.39
54.35
46.26
63.89
83.09
66.04
69.32
86.20
43.82
17.83
35.32
89.68
11.79
52.80
42.32
30.70
76.86
46.73
43.19
39.05
83.54
60.30
48.31
57.80
25.42
12.00
46.68
76.31
20.46
42.60
94.79
23.96
51.51
31.67
77.72
65.64
79.38
95.58
44.80
52.66
44.30
47.17
59.05
85.73
79.63
96.52
2.09
22.24
88.12
35.01
9.33
25.01
33.85
83.09
83.21
74.05
40.50
81.26
48.18
33.10
50.70
35.94
17.81
98.71
2.12
11.36
51.87
58.56
73.14
87.58
58.10
7.21
65.76
55.01
79.00
72.58
3.15
97.22
25.47
24.68
57.59
28.18
21.47
38.95
17.63
41.02
89.43
70.75
59.74
68.50
95.72
66.16
86.03
59.82
22.69
29.00
39.66
46.65
57.51
69.51
41.73
29.88
23.83
79.57
33.79
49.78
88.64
69.20
77.95
16.11
49.59
70.87
1.31
42.95
89.69
90.40
28.96
17.70
31.61
26.68
26.95
17.94
84.31
7.85
61.70
39.64
95.93
31.20
73.07
18.35
63.85
13.49
57.33
94.82
88.05
63.51
78.08
32.15
43.87
82.54
5.21
35.73
18.28
81.15
28.25
79.66
94.58
32.30
66.18
78.37
79.64
30.28
37.75
31.66
63.64
39.15
42.53
19.47
22.89
52.77
45.75
65.35
6.10
79.87
21.88
81.06
70.94
4.66
93.86
87.17
1.08
12.55
67.94
1.23
44.78
25.07
44.93
88.60
48.73
99.24
92.30
94.20
97.00
71.58
76.51
48.60
80.82
69.18
80.30
68.38
1.02
17.02
2.51
81.87
20.66
2.56
44.01
94.53
15.27
16.14
56.00
45.88
84.02
31.07
39.13
18.19
21.96
34.70
99.89
51.59
9.20
73.29
43.84
87.52
