41.22
57.45
16.57
79.16
47.17
23.54
32.23
5.78
15.51
74.57
85.20
50.25
32.85
73.92
45.29
13.85
77.97
23.75
45.59
23.51
86.15
15.33
20.47
46.29
92.18
39.01
97.48
62.37
43.32
33.59
18.10
47.56
80.70
39.78
72.66
73.34
20.02
30.33
28.49
62.83
98.78
5.39
7.01
73.73
97.12
61.97
3.48
90.58
71.00
86.36
32.18
56.85
59.42
17.24
75.00
0.74
52.19
70.38
80.74
3.36
98.46
98.03
81.77
56.10
6.43
53.04
7.48
85.54
83.51
54.70
42.87
63.18
35.07
36.09
70.51
34.58
66.49
37.83
92.30
69.85
16.97
76.15
3.26
13.67
26.59
77.88
92.86
97.68
96.64
99.24
95.51
4.10
43.44
73.53
94.68
95.11
89.10
54.42
14.01
93.68
73.72
18.57
68.73
91.06
5.63
78.68
51.19
74.54
72.58
44.73
29.32
87.34
7.42
45.88
47.87
95.00
0.44
20.91
16.09
60.92
79.65
23.40
20.43
24.98
6.22
48.37
42.81
69.78
44.72
49.79
44.94
51.03
39.81
83.23
59.93
69.62
17.14
49.44
8.70
54.90
68.47
69.03
1.19
50.75
58.30
68.98
15.09
29.87
92.83
1.02
66.47
23.33
77.01
46.05
83.28
8.36
5.65
45.70
86.57
63.10
19.76
90.68
84.62
21.76
64.85
14.28
86.54
9.47
34.00
12.16
56.63
31.33
26.38
30.25
12.20
60.24
31.06
40.93
79.71
83.39
56.98
12.24
74.09
73.63
33.91
50.56
52.87
14.66
1.13
25.63
65.01
50.20
75.09
39.63
41.68
28.99
68.08
40.54
84.43
8.85
25.51
59.83
13.32
70.51
38.29
33.94
69.57
13.20
90.69
19.34
29.58
14.95
83.48
23.31
69.12
88.63
24.71
12.37
36.44
89.23
96.71
16.97
14.63
33.82
24.66
33.72
19.42
26.09
40.47
37.14
15.53
8.91
31.21
47.11
68.24
47.26
60.46
83.62
11.84
23.45
36.64
89.23
66.52
52.17
80.29
42.15
98.88
85.82
71.72
89.71
30.55
87.13
71.75
39.75
61.47
47.92
26.25
20.05
28.82
0.81
13.35
71.10
32.03
64.99
13.36
97.75
55.16
76.55
7.03
99.01
61.24
80.65
65.69
61.59
56.91
26.15
19.47
4.45
54.06
46.20
38.83
24.13
86.43
1.77
71.03
18.75
67.84
10.76
3.52
59.47
56.50
4.60
78.37
69.10
36.74
60.85
97.64
79.92
85.87
87.30
45.25
68.64
90.05
47.85
70.36
41.32
75.02
44.27
82.07
55.83
3.65
98.27
13.32
1.44
44.19
55.34
71.97
95.58
74.27
28.42
56.07
30.56
87.71
34.93
24.06
75.31
36.43
75.60
63.91
62.42
61.08
9.92
4.53
9.46
99.41
46.82
59.27
69.94
57.41
80.53
9.88
58.49
69.37
31.76
85.08
79.53
22.17
51.88
61.37
43.82
51.03
0.49
95.96
29.72
61.27
93.87
0.71
17.36
79.29
99.36
58.07
80.86
67.83
19.93
4.59
51.25
58.82
87.98
89.54
16.87
44.86
29.67
62.48
19.98
7.94
57.89
8.85
50.75
78.12
80.45
0.01
60.06
69.08
95.22
18.99
4.40
33.33
51.74
74.89
31.53
22.06
34.22
12.28
70.31
22.04
86.79
79.34
81.93
3.56
82.26
51.87
76.99
69.29
74.93
88.56
41.59
22.04
16.37
11.97
51.97
41.18
85.79
50.03
61.45
48.18
36.30
68.15
35.48
8.97
4.33
81.29
21.54
64.99
0.26
70.73
5.12
32.60
83.03
1.18
38.28
72.42
92.18
31.58
65.98
68.31
62.44
91.53
24.24
91.77
23.52
5.65
37.23
30.67
21.98
41.81
16.49
86.19
87.03
41.87
35.11
29.80
13.75
81.23
40.96
65.91
51.36
4.00
65.66
2.24
17.98
84.35
48.40
34.20
26.62
18.10
25.89
78.87
38.03
45.66
33.34
94.00
47.79
82.66
8.81
39.98
18.54
83.89
67.22
5.57
39.41
88.74
1.03
42.49
80.07
58.65
3.69
78.20
74.43
64.46
20.94
18.35
7.49
82.09
1.36
98.78
88.59
34.24
53.89
13.40
87.68
2.54
46.45
71.14
53.78
63.31
37.57
28.89
10.51
24.74
76.67
22.90
22.02
44.51
72.61
16.31
13.15
82.20
37.50
47.05
0.25
37.44
78.44
18.08
54.99
7.07
9.82
56.50
69.02
35.73
28.74
33.33
75.13
39.49
70.23
61.10
60.33
13.99
17.87
6.79
72.26
91.25
85.21
69.07
56.96
14.81
41.44
44.25
53.97
61.75
86.06
92.28
65.07
9.04
36.15
32.80
89.14
77.41
96.66
37.04
69.75
52.85
57.23
9.05
82.61
46.48
13.60
41.47
12.52
99.19
67.40
68.03
49.00
24.42
16.82
11.83
76.84
46.73
88.32
79.87
35.68
98.42
28.53
0.30
62.93
39.50
71.69
93.20
53.84
9.23
4.16
73.25
84.15
82.32
18.89
88.25
48.49
48.72
20.44
69.04
49.58
49.17
11.19
57.30
84.99
94.14
97.78
82.65
77.09
38.07
51.25
93.83
89.74
97.68
88.66
26.12
92.19
57.83
6.34
97.78
33.06
21.06
36.79
6.02
26.93
74.52
68.69
36.90
47.96
6.69
25.92
77.19
8.59
17.22
18.64
19.92
7.15
27.61
84.12
32.54
9.69
0.79
12.47
94.76
66.18
95.46
63.73
50.43
73.01
65.15
87.76
95.48
49.62
56.78
46.74
27.04
63.61
3.55
80.71
39.16
69.70
82.92
81.65
15.83
53.18
8.29
82.86
18.39
82.75
25.01
99.49
72.05
78.72
10.80
59.40
28.52
80.94
69.93
30.87
89.31
37.40
68.58
85.05
89.03
0.42
92.60
22.27
87.58
87.36
55.85
74.60
64.52
34.28
98.21
79.79
47.66
5.15
8.30
85.81
55.32
49.93
69.25
60.39
40.59
43.76
5.62
32.35
38.03
1.13
15.41
92.90
66.16
50.79
51.22
86.71
80.26
28.50
91.62
66.83
92.95
21.21
25.42
2.57
34.82
37.00
80.46
54.36
20.54
48.29
13.95
14.24
50.73
26.35
15.11
82.31
93.92
8.12
84.42
53.32
41.18
25.13
74.98
40.17
41.02
86.53
21.71
63.18
20.33
70.37
42.88
74.76
1.19
3.77
9.18
13.00
74.15
95.94
66.91
69.46
44.75
36.03
18.43
1.17
15.41
23.36
11.50
30.35
43.16
35.23
23.26
97.60
79.05
2.02
37.36
60.66
45.40
80.68
69.46
30.64
84.38
67.06
34.01
16.48
12.43
50.89
39.25
16.25
76.24
82.30
28.01
49.52
51.46
68.81
41.78
19.75
62.45
51.89
61.32
15.56
26.73
62.99
15.94
29.80
87.59
32.88
15.43
52.92
78.59
4.69
52.28
3.72
52.28
72.12
67.38
71.41
66.63
98.76
82.15
37.27
33.93
78.86
4.26
3.69
97.47
67.95
80.61
93.19
41.26
51.45
61.53
45.76
33.90
60.30
86.61
15.48
28.26
83.10
76.89
45.50
70.27
88.11
36.61
62.98
72.13
11.00
67.84
31.89
12.81
19.58
32.91
16.82
9.73
79.88
0.21
0.43
17.88
52.66
29.76
67.32
42.94
23.42
25.73
61.53
68.98
50.28
29.45
87.68
74.82
87.01
73.02
9.86
25.17
36.64
41.98
82.48
43.30
15.83
19.32
91.12
26.84
75.38
43.01
9.39
2.34
97.45
76.08
85.57
2.53
75.30
59.49
1.06
71.80
91.76
90.27
7.13
1.42
5.55
50.85
50.14
44.42
69.94
0.34
67.07
37.08
87.76
68.99
51.39
77.85
45.29
88.11
75.05
22.80
0.94
94.19
0.31
35.34
74.92
20.26
0.00
77.50
98.03
80.97
34.79
2.54
94.32
64.03
50.21
9.92
17.70
93.94
38.85
86.12
40.31
91.20
3.94
54.76
39.66
52.63
31.75
3.55
54.39
98.78
74.88
2.09
98.68
55.20
18.30
76.02
18.12
74.57
46.11
41.43
13.77
0.60
47.87
2.51
14.13
74.71
64.12
89.30
58.61
28.79
39.22
11.10
28.00
51.14
86.13
32.18
87.02
58.45
7.77
50.94
1.85
1.12
83.01
30.64
79.84
86.42
36.11
23.79
45.01
28.12
54.82
27.93
90.30
72.76
20.30
40.34
75.46
9.58
69.72
60.12
42.23
89.52
8.00
17.69
70.99
31.68
32.48
82.59
58.45
2.85
41.81
86.89
19.13
14.25
33.62
81.98
1.86
72.22
44.99
74.82
70.42
50.73
44.70
0.80
42.18
72.42
18.80
71.64
13.78
28.29
46.85
18.58
59.48
51.76
96.03
12.92
41.39
43.08
50.62
29.55
4.97
70.18
82.72
26.33
15.62
31.23
11.40
68.74
85.24
68.25
52.23
41.03
89.13
95.11
92.31
48.53
48.13
11.03
22.73
61.81
27.37
53.52
43.56
61.90
72.87
98.90
54.97
20.70
93.04
86.15
62.21
74.50
2.24
64.17
17.79
76.09
4.57
65.46
75.34
74.74
53.39
7.19
32.98
81.02
39.61
68.11
35.82
40.53
71.38
42.64
33.53
55.45
2.84
47.72
40.55
1.99
94.56
25.32
62.53
40.52
43.17
75.83
5.29
49.61
16.87
35.06
79.05
34.42
42.41
5.22
5.88
86.01
80.68
78.04
90.55
42.35
93.29
54.87
42.01
40.62
66.41
53.00
30.39
1.69
43.73
67.39
61.38
82.51
9.07
2.30
2.69
33.67
14.50
53.23
0.45
26.21
80.77
54.92
42.10
2.16
2.03
50.41
71.73
52.28
43.30
38.54
2.68
34.78
64.68
31.33
34.19
32.24
13.85
53.66
5.58
35.44
72.52
29.28
84.84
46.32
80.94
15.89
89.00
38.98
34.44
8.52
35.34
93.46
47.24
42.12
3.41
4.00
72.67
31.94
30.71
77.31
95.82
85.31
53.92
52.19
28.33
65.49
33.30
75.53
64.70
49.52
52.16
47.66
40.52
12.50
42.89
32.47
44.07
5.16
91.21
5.55
24.49
90.73
89.95
99.51
6.54
62.58
53.91
50.09
63.01
4.37
14.28
21.68
12.39
79.40
12.28
99.31
55.21
85.18
8.08
87.57
55.15
34.85
49.99
30.13
14.27
40.35
0.47
85.34
39.81
56.28
16.43
81.36
59.74
87.10
71.88
86.02
45.64
5.91
7.05
76.31
86.53
97.23
87.07
29.92
14.52
6.89
51.45
49.53
42.42
75.47
34.94
6.41
7.87
57.38
44.19
11.61
14.05
66.10
23.28
85.67
87.39
49.84
30.37
60.42
85.65
80.20
84.89
36.96
92.63
46.48
34.00
25.27
67.26
65.19
76.59
36.83
12.39
61.52
12.43
26.43
21.82
37.27
38.48
30.58
74.65
10.06
34.17
51.63
87.87
22.02
27.00
98.76
94.05
41.65
54.05
42.07
52.96
88.14
71.35
30.50
59.30
23.02
97.87
28.93
80.73
43.07
9.92
37.03
36.39
85.26
9.29
61.65
59.70
11.81
68.87
3.64
82.99
33.90
66.65
64.95
17.84
22.64
52.11
91.15
48.78
64.78
49.29
46.00
91.72
39.74
61.85
27.12
99.06
59.07
30.01
7.59
72.02
89.88
76.97
68.13
11.20
61.54
58.13
0.74
14.43
63.53
35.26
34.65
3.25
87.82
42.24
1.19
88.30
40.40
52.17
25.32
64.30
88.56
71.16
65.90
63.33
67.95
15.19
98.91
10.31
71.91
85.74
41.87
17.67
8.49
0.04
77.22
27.43
26.01
15.57
31.47
33.17
83.62
96.70
90.61
93.84
65.26
61.64
53.54
89.86
76.20
38.40
58.44
34.03
85.61
56.41
50.70
61.51
68.12
91.86
28.31
5.58
26.32
46.07
4.06
52.24
41.53
16.06
80.64
85.28
85.46
63.95
21.88
31.05
14.68
9.38
59.09
5.21
60.09
73.82
67.03
12.97
2.79
12.66
48.69
41.22
20.46
54.32
24.80
67.15
83.54
80.07
93.10
20.71
80.09
39.25
40.59
18.08
74.24
52.38
81.78
48.55
16.70
43.38
57.64
87.60
74.40
67.31
81.39
23.92
1.09
58.52
24.53
43.25
78.09
87.02
14.19
78.12
38.37
31.44
54.31
94.82
82.46
72.20
21.45
63.21
30.75
6.04
85.55
91.72
65.44
83.38
19.61
58.00
37.06
17.95
16.27
34.47
91.58
47.61
96.38
62.59
16.52
43.51
61.97
8.54
6.13
33.79
76.55
58.56
31.96
65.67
81.03
18.06
38.78
39.34
78.47
35.99
95.04
90.42
74.68
81.27
21.85
26.20
19.15
67.13
97.59
73.95
69.98
22.46
94.11
17.13
13.85
2.39
61.12
88.73
39.01
24.96
15.90
11.16
57.67
12.75
45.65
50.20
15.01
8.84
37.08
34.06
23.28
55.58
17.27
66.59
26.31
14.51
61.60
65.96
72.58
92.10
60.00
46.05
11.00
27.48
89.05
65.55
7.88
76.38
4.80
11.86
36.31
46.88
25.32
72.95
93.65
95.03
2.45
82.84
30.47
71.77
47.80
53.69
42.42
36.18
90.57
44.85
20.02
74.83
66.30
58.94
4.32
22.59
0.65
69.75
99.38
73.97
25.15
60.19
71.31
31.68
7.21
63.95
96.24
94.02
31.44
79.40
25.56
83.77
56.74
67.07
58.67
78.16
17.94
48.70
63.28
35.03
50.58
49.31
43.80
71.94
6.85
79.73
59.32
18.94
36.54
14.89
82.59
97.00
33.55
30.99
43.83
28.05
93.66
28.24
2.20
59.92
81.94
84.07
81.87
66.64
19.30
54.61
27.36
68.13
41.91
14.64
41.74
50.69
33.10
58.10
7.22
37.10
73.36
24.48
42.48
25.54
14.05
41.79
11.85
17.83
82.53
4.61
35.86
94.81
36.75
65.59
33.62
67.66
54.81
98.45
20.31
64.21
49.07
69.54
54.01
11.24
3.72
35.05
83.77
15.94
81.13
45.48
84.58
11.09
92.50
57.92
5.07
32.79
49.87
78.67
5.77
73.23
18.01
10.14
45.13
50.55
67.35
82.45
90.49
71.02
68.40
32.98
12.47
35.96
53.82
18.88
19.89
9.16
18.17
3.57
23.27
76.77
0.41
70.47
66.93
25.12
5.97
56.95
80.33
80.48
36.76
82.36
46.37
84.09
72.85
77.63
28.09
41.92
60.26
63.40
44.30
88.81
18.79
22.61
2.86
20.10
48.17
94.50
93.75
63.11
16.14
79.57
12.34
83.27
68.39
42.65
24.70
57.88
68.49
33.43
34.14
87.83
26.27
52.34
29.12
15.60
3.09
53.16
66.50
28.51
71.48
85.63
78.89
92.80
91.96
75.01
24.16
27.00
9.70
29.87
76.92
19.85
52.97
91.44
1.82
41.11
33.27
10.31
5.48
11.92
39.66
39.45
21.34
27.66
60.96
78.80
57.95
79.96
77.13
22.47
73.25
61.11
70.16
84.53
57.12
97.75
57.42
35.44
62.10
59.06
81.94
96.25
64.09
46.91
4.86
29.84
30.51
30.22
94.45
63.15
30.00
50.89
43.41
76.75
22.25
85.37
3.44
99.33
83.21
45.33
68.15
79.81
0.85
18.55
8.21
28.35
68.72
99.40
74.95
60.55
72.75
86.12
44.06
74.47
34.70
88.38
27.61
43.36
24.61
57.12
16.80
42.83
49.83
41.22
18.50
56.39
31.44
76.89
70.09
59.13
96.74
3.52
65.16
9.49
31.18
57.96
23.22
75.45
35.68
32.80
64.35
32.41
95.51
59.29
22.87
84.87
52.81
62.09
14.91
10.14
93.06
98.10
92.37
19.75
34.58
67.58
69.61
59.06
34.54
13.55
80.36
5.71
8.03
51.97
63.57
86.12
46.44
20.98
31.01
20.81
77.92
77.20
0.83
88.13
68.11
99.25
38.76
80.42
21.14
32.07
99.85
75.94
18.22
37.32
14.14
75.24
43.26
22.06
77.18
79.11
26.09
1.91
70.70
9.65
16.17
69.09
10.16
28.06
7.24
66.86
28.53
47.66
40.18
3.87
64.76
53.18
99.61
26.06
60.70
6.71
66.67
47.39
6.06
24.42
14.95
46.05
83.67
33.16
21.60
17.49
91.35
55.44
46.99
92.07
80.38
52.63
48.71
6.81
91.58
64.25
43.13
21.56
4.24
2.42
74.40
40.29
70.70
99.58
1.44
87.35
92.90
11.39
40.10
34.37
76.60
47.97
30.69
86.53
82.82
41.77
56.30
1.95
58.33
97.88
17.97
24.72
74.17
14.72
4.72
15.64
47.35
79.53
30.97
98.42
76.02
93.47
73.66
44.61
12.89
51.92
73.80
73.96
75.71
67.02
54.23
1.06
70.93
18.41
64.93
62.84
23.78
72.22
52.65
66.16
91.35
56.35
78.66
12.18
8.14
20.78
32.57
47.21
13.98
81.88
87.07
97.31
71.89
58.77
35.63
99.93
2.83
89.15
62.16
41.14
62.18
17.13
73.28
33.31
38.98
65.68
27.02
1.79
21.61
93.31
38.05
69.65
19.79
89.28
40.15
13.14
60.92
39.44
79.16
19.01
34.77
84.03
65.68
17.92
98.64
73.21
17.77
51.21
25.00
5.25
20.14
65.19
97.89
11.59
83.94
21.07
14.36
50.51
42.09
35.04
16.64
4.02
9.54
5.47
54.86
51.76
22.53
27.74
1.38
92.81
86.40
73.26
51.90
43.95
13.54
74.28
71.58
34.73
62.02
84.06
1.08
53.09
70.59
80.26
29.78
3.38
32.58
94.21
63.81
34.33
87.28
42.04
56.46
94.04
92.74
17.59
40.99
1.32
36.49
62.43
59.73
3.83
39.80
53.02
38.91
58.01
17.71
34.85
96.60
97.03
56.70
72.40
21.98
5.06
53.40
42.64
72.44
9.07
4.39
83.57
60.95
55.49
4.58
45.24
24.92
30.00
90.16
38.19
54.91
37.82
69.76
31.93
46.69
96.93
12.54
29.50
38.17
39.35
84.88
16.17
94.95
51.21
23.62
49.96
41.73
49.02
41.81
12.65
33.86
50.39
56.96
49.64
60.00
52.40
15.27
24.25
32.47
79.11
42.37
71.83
19.97
41.35
10.15
60.02
89.38
17.03
51.74
67.67
40.00
18.82
95.35
60.28
68.43
59.13
41.55
31.78
80.33
66.22
47.51
74.99
29.94
88.80
25.06
39.65
84.72
49.14
94.83
14.79
64.64
42.14
94.87
29.68
54.48
10.97
4.92
27.57
17.27
5.64
96.03
86.95
13.14
74.11
55.70
55.74
14.78
38.86
60.16
4.23
54.55
49.57
1.93
38.50
83.90
48.45
85.96
49.79
64.27
29.10
96.27
6.48
59.02
0.35
33.31
34.44
7.37
59.57
2.64
33.01
15.99
9.44
45.75
78.87
54.62
80.50
90.42
34.22
56.28
38.24
94.32
84.84
79.19
29.35
92.56
94.81
79.92
1.85
3.35
70.10
16.08
76.61
12.65
18.66
87.28
27.63
6.90
16.41
78.68
20.92
27.71
69.24
47.28
29.75
62.56
28.12
29.03
58.17
20.96
63.16
35.63
5.82
64.99
69.11
42.35
88.26
56.69
99.09
3.15
0.27
67.94
38.93
58.24
46.12
12.36
27.86
2.82
99.67
86.87
5.53
54.35
81.07
32.94
72.26
33.33
60.24
95.20
68.45
52.35
22.39
86.70
98.71
22.71
9.25
87.29
37.79
55.46
75.12
35.84
73.98
32.61
81.17
58.62
56.55
30.63
78.69
7.01
37.58
23.80
30.38
51.21
0.81
39.88
9.87
95.75
70.20
49.46
59.53
27.36
65.51
94.83
16.64
72.59
90.38
75.12
24.49
32.60
7.64
30.26
50.83
57.22
24.27
42.17
4.21
34.77
51.80
6.26
72.09
58.19
86.57
87.58
44.58
2.53
80.71
65.50
84.74
33.85
22.74
21.35
65.20
74.05
90.45
61.71
67.33
2.60
95.89
22.06
83.20
25.37
18.51
60.20
79.73
0.90
24.92
13.35
25.20
17.76
91.24
56.29
84.04
93.06
82.39
38.63
52.44
29.75
8.13
88.86
29.48
23.42
13.43
63.81
98.69
94.09
33.04
34.70
76.00
46.86
25.19
3.50
31.83
9.14
8.45
17.77
47.00
25.12
33.58
90.98
69.45
62.67
86.83
15.07
68.19
33.10
92.82
48.90
39.24
36.02
1.31
3.77
48.84
18.64
32.74
44.14
10.21
65.86
47.23
6.11
38.02
64.66
10.08
4.68
33.07
31.67
7.75
66.54
80.68
91.72
75.02
