80.39
47.53
28.60
52.26
39.02
4.35
6.32
93.75
39.56
19.76
4.95
73.81
45.16
57.50
57.48
89.42
57.05
5.09
6.08
36.06
46.57
49.42
82.34
53.75
48.52
3.74
67.93
74.86
23.07
46.29
22.47
29.45
28.94
59.28
53.19
85.54
72.91
25.17
22.11
68.73
80.50
53.82
99.24
93.73
72.74
24.64
26.12
34.05
14.78
30.14
77.50
79.18
64.47
75.84
94.03
97.29
87.93
90.54
39.34
5.77
36.42
91.94
53.76
82.23
1.71
29.42
33.45
19.98
63.87
34.57
33.81
0.90
17.08
65.20
21.72
58.19
92.82
59.17
21.39
71.58
36.33
55.00
96.75
46.57
50.88
53.48
16.21
12.22
88.29
6.58
83.64
24.76
12.58
59.95
64.07
22.79
60.23
22.97
42.07
61.39
87.29
92.77
66.92
74.53
99.38
22.26
97.13
99.71
53.94
80.43
62.14
32.16
81.32
44.92
30.64
36.24
24.39
20.86
26.66
67.17
87.14
73.64
68.58
99.11
21.90
76.84
79.01
57.32
90.71
90.78
58.56
25.58
67.78
25.70
53.71
27.26
2.75
5.00
48.89
51.68
39.22
74.61
72.97
77.70
88.10
14.01
66.96
79.27
28.64
20.34
10.92
54.99
3.61
71.91
32.97
6.16
75.32
8.84
80.22
68.60
64.99
47.06
31.41
22.60
46.96
71.60
81.57
67.97
68.67
52.43
38.91
15.28
69.13
77.15
33.66
94.29
83.83
75.59
61.84
53.78
47.11
39.68
20.14
90.21
26.05
32.40
28.28
13.16
10.53
45.62
97.57
71.25
24.04
17.36
8.64
82.46
27.86
61.05
93.33
83.89
48.03
37.79
54.98
87.55
27.00
7.39
77.89
25.82
15.68
85.68
61.39
16.69
68.68
16.33
68.45
94.17
84.05
42.06
58.18
78.69
43.50
59.85
48.12
83.77
90.98
92.53
22.74
1.97
13.78
96.38
66.22
20.62
52.61
82.56
47.21
24.49
78.44
45.31
40.87
30.84
82.98
32.89
3.73
28.34
90.44
31.91
18.88
17.30
39.36
81.58
55.45
33.70
70.34
35.52
56.10
6.98
46.96
37.85
79.44
75.79
50.06
25.10
9.81
85.24
7.22
38.08
10.13
25.62
49.78
25.83
80.27
18.83
96.39
45.92
86.63
9.05
48.97
21.01
90.67
30.24
97.05
72.50
50.75
90.10
59.03
19.80
32.55
50.86
80.04
58.30
38.25
15.76
79.65
15.35
92.90
94.22
68.08
66.26
25.26
92.93
99.76
98.68
82.06
44.89
64.51
77.59
24.74
94.22
84.27
19.02
50.45
31.57
2.42
76.63
20.72
38.44
6.67
36.17
37.18
67.16
46.03
29.04
26.14
50.54
30.66
7.77
43.09
79.12
77.01
1.94
3.57
8.88
35.80
82.98
40.93
11.90
51.18
7.12
0.70
19.65
42.59
20.97
33.85
13.47
83.39
95.70
74.05
50.97
7.47
77.16
55.69
17.70
19.46
63.61
16.93
46.13
54.62
33.27
33.35
44.87
86.82
83.62
81.95
88.77
22.72
70.83
84.18
87.65
52.88
90.78
44.46
4.77
6.37
12.02
15.58
43.90
34.92
2.22
78.40
18.56
81.75
55.46
66.59
57.45
57.82
79.85
12.74
78.93
27.90
46.30
86.89
20.37
69.69
81.99
14.37
48.79
41.17
13.22
75.33
3.94
27.68
38.56
82.93
2.19
80.59
1.69
51.10
79.45
59.39
2.12
95.66
38.91
0.54
2.06
84.44
82.70
86.36
12.09
9.36
92.20
82.22
72.73
20.53
52.94
17.35
23.83
25.79
75.96
12.36
98.54
59.79
78.81
83.35
23.80
53.60
29.90
33.25
57.89
42.46
99.70
87.09
30.10
33.33
85.08
51.73
84.74
80.71
20.92
68.35
25.60
45.33
45.21
41.66
99.82
7.30
26.28
37.11
91.57
35.35
31.75
37.32
17.45
69.15
55.60
65.02
95.64
34.04
92.57
68.34
52.51
60.20
10.72
68.29
27.79
83.60
77.47
37.39
81.02
3.26
46.38
95.67
79.46
18.67
34.25
33.35
68.00
69.50
18.59
72.83
25.24
39.46
70.86
67.15
75.50
52.65
31.56
30.77
67.60
88.13
19.83
17.45
52.23
86.59
17.19
64.58
96.29
24.72
42.50
31.65
76.26
8.65
91.87
56.20
96.09
63.08
52.50
12.10
34.58
84.72
2.62
11.81
34.60
12.44
28.21
70.23
2.51
39.93
87.57
14.09
45.90
88.59
26.29
73.05
50.41
53.06
5.77
83.45
34.34
59.52
94.76
98.92
52.82
30.36
84.20
22.44
48.95
79.44
47.56
97.26
41.89
57.35
53.63
22.52
56.61
37.64
25.94
48.45
29.55
42.85
28.45
8.19
40.02
46.05
30.88
34.56
1.37
47.31
16.47
73.80
96.47
82.55
53.12
77.15
36.94
33.69
54.57
50.29
15.71
77.36
42.97
74.96
62.94
29.11
54.42
90.35
86.61
13.49
95.90
18.17
2.93
72.73
42.89
68.75
53.29
56.15
97.81
39.72
6.06
55.25
5.02
33.98
77.95
86.01
60.53
60.66
80.42
61.65
53.65
23.63
33.22
59.16
54.15
60.26
56.73
76.14
72.55
83.05
18.27
66.47
45.76
10.34
76.93
75.50
43.63
99.29
0.07
88.02
94.29
88.66
65.59
60.48
75.35
64.35
88.81
76.82
57.91
12.91
92.04
94.59
73.81
12.49
17.03
16.54
30.28
48.03
31.92
47.37
32.45
5.78
75.10
33.05
55.82
90.70
5.67
91.53
73.78
36.62
53.76
13.64
24.67
27.00
53.53
5.46
59.69
3.27
21.28
22.27
79.15
60.76
38.29
73.41
54.92
75.28
34.07
87.02
5.66
91.67
78.81
82.29
6.84
60.37
82.29
24.60
25.58
94.85
70.24
52.60
35.89
2.37
54.64
81.19
25.38
0.74
59.71
75.58
70.09
67.58
44.22
28.60
87.14
71.36
82.27
82.67
47.76
5.50
15.34
72.62
53.16
35.10
50.10
48.84
66.63
47.87
46.45
67.81
52.56
71.87
90.89
27.70
33.59
79.25
97.95
11.68
72.04
51.34
69.45
22.62
8.47
92.83
30.44
47.06
70.38
3.06
9.42
40.74
39.13
4.89
86.27
6.26
67.64
94.25
62.20
12.86
14.73
76.35
3.08
28.12
81.88
62.79
37.34
96.85
25.62
53.70
75.59
26.60
97.01
63.40
89.07
90.85
67.69
1.28
82.27
0.28
93.82
95.95
82.24
90.97
19.72
83.53
96.54
45.23
63.28
46.65
28.86
29.63
89.56
80.39
77.93
4.38
66.91
47.40
68.78
41.97
90.73
14.06
39.71
68.09
54.63
90.81
36.07
98.28
37.51
0.01
91.13
89.34
8.76
24.97
25.08
19.10
72.10
76.21
31.72
70.23
32.40
16.70
97.44
29.55
27.22
89.47
7.01
12.42
85.06
63.79
2.52
45.70
11.71
73.48
68.35
59.22
56.54
95.33
76.94
80.66
65.01
14.35
12.61
28.82
55.34
4.78
31.16
75.69
72.55
82.03
96.34
69.96
42.84
34.19
71.12
25.89
39.33
27.02
79.60
52.69
78.21
25.17
28.35
54.27
90.46
10.94
92.89
91.69
93.74
90.33
79.21
68.36
75.34
52.26
69.32
85.12
33.63
71.32
68.21
70.93
1.17
56.11
66.08
51.27
35.06
17.38
95.25
38.22
44.66
16.02
76.66
67.91
69.36
97.59
41.72
96.61
85.68
42.70
47.38
72.15
18.94
61.07
42.11
22.56
26.07
41.01
28.55
63.37
64.06
98.17
97.14
63.82
46.41
75.19
95.04
68.42
79.04
12.80
43.34
47.38
43.64
47.40
59.17
48.49
96.08
83.61
79.65
59.55
90.44
1.53
57.33
33.38
94.62
68.76
91.68
47.70
8.33
59.54
24.16
37.19
50.57
61.29
73.86
46.32
80.30
25.07
12.42
54.58
14.69
45.49
43.35
17.30
85.49
76.96
74.73
88.53
59.80
77.53
86.04
46.61
83.17
40.32
83.29
59.32
55.67
64.15
12.77
2.20
59.01
33.86
86.45
72.11
42.85
39.62
6.62
59.80
88.24
57.74
98.62
74.21
76.63
47.01
95.89
11.25
24.92
65.43
54.67
29.31
2.37
18.88
66.63
34.08
90.96
25.16
37.30
3.65
73.76
55.86
14.02
47.57
29.34
14.22
15.62
54.13
20.82
97.10
65.77
45.80
40.92
32.28
40.70
5.85
80.65
2.46
54.81
42.67
85.70
20.75
34.07
67.05
15.01
50.40
38.90
14.51
75.14
22.44
74.84
34.57
92.11
2.14
0.67
95.05
37.29
81.24
80.57
54.27
50.71
38.43
43.32
23.49
29.27
93.10
32.47
9.74
84.31
10.04
35.21
59.82
32.27
50.35
37.77
45.47
64.85
35.19
72.33
7.79
10.56
57.09
81.49
26.83
55.00
71.36
60.00
82.37
29.47
19.47
76.98
95.25
24.57
60.82
3.78
71.85
2.76
32.02
0.07
98.63
88.14
50.37
63.58
65.15
33.41
65.77
17.30
34.21
62.14
48.06
13.75
56.69
70.66
76.91
31.07
29.55
44.81
2.13
51.92
41.56
49.12
28.15
97.18
9.15
30.22
45.72
88.65
92.83
7.39
99.89
46.63
8.75
61.14
97.92
57.82
98.86
87.96
56.99
95.21
71.49
24.00
6.08
59.77
37.05
85.76
24.74
25.09
63.55
61.41
81.67
76.73
21.29
75.60
12.93
78.63
43.59
24.09
87.84
54.07
25.38
42.18
61.60
19.66
52.57
81.27
96.15
10.72
88.80
81.81
46.30
60.56
98.68
22.37
15.95
12.61
31.95
72.22
95.12
54.27
37.69
19.74
81.35
19.75
20.61
17.97
41.22
97.13
24.17
93.09
22.34
11.81
53.66
30.78
29.05
57.69
36.85
20.21
74.00
12.94
58.29
36.09
98.50
70.05
95.05
59.50
39.76
66.65
13.37
53.29
96.24
8.09
27.68
32.06
10.47
90.02
37.07
45.64
65.29
89.29
58.08
55.22
78.27
17.61
50.35
85.87
5.73
19.42
75.15
22.76
62.82
98.76
17.20
8.88
50.09
76.36
76.31
60.12
78.04
57.93
95.44
16.43
73.64
6.71
12.56
13.38
69.96
17.93
43.76
89.72
22.25
90.22
22.77
33.41
31.94
73.29
90.36
85.77
64.12
30.86
91.24
18.02
48.39
52.34
22.98
19.93
12.73
83.03
40.95
91.49
38.55
3.17
99.75
80.22
90.10
88.68
95.68
1.13
27.45
92.79
19.87
60.18
41.71
39.45
43.67
20.13
52.02
75.12
59.47
38.06
88.13
75.66
28.91
82.61
70.38
64.79
87.15
2.66
29.56
32.37
36.84
23.21
2.57
4.16
89.83
18.26
0.45
30.03
93.68
22.28
34.08
88.59
67.99
46.12
60.63
67.64
51.50
17.44
78.34
40.45
48.41
51.12
80.88
52.06
43.13
22.63
9.47
85.44
79.66
70.08
53.28
28.93
73.32
0.42
9.21
2.31
10.08
51.92
16.32
44.66
59.28
81.16
68.53
47.86
49.84
73.09
8.81
34.65
29.63
25.08
32.69
79.18
12.46
61.75
73.76
25.21
11.16
59.90
34.25
16.52
48.07
36.67
4.66
76.07
70.67
46.28
52.43
70.61
16.87
91.66
24.43
56.12
90.02
27.58
45.76
77.04
18.75
26.32
72.85
47.74
32.06
40.73
93.18
20.90
43.37
4.72
8.11
37.31
75.50
74.97
73.79
34.76
31.42
94.86
58.44
53.69
7.90
7.89
2.49
2.94
97.10
61.38
85.56
95.22
50.12
4.07
70.76
4.97
27.53
56.11
80.86
24.23
12.82
7.81
8.98
9.92
53.04
15.60
94.69
17.85
33.23
3.96
6.93
27.67
60.62
35.70
38.48
30.00
39.58
60.21
29.84
84.32
72.23
91.83
62.81
60.89
36.22
8.39
5.65
94.25
56.00
78.30
74.21
95.97
24.12
22.33
41.60
64.11
31.21
47.26
78.68
76.00
71.96
18.61
32.79
82.16
70.39
5.54
22.85
87.00
60.38
42.76
63.68
43.61
4.38
21.28
34.11
25.76
34.85
69.28
42.46
83.83
57.88
68.07
20.75
57.44
53.25
65.58
73.83
46.87
9.83
69.92
23.95
13.17
47.04
24.51
98.72
3.57
55.35
50.79
17.04
26.14
90.50
38.36
10.88
68.15
92.45
83.43
65.05
18.45
20.19
50.36
36.38
66.33
36.94
56.13
41.70
58.17
46.00
33.21
84.70
19.94
28.70
23.70
30.05
76.98
21.46
62.91
80.18
56.03
51.06
84.50
52.50
99.63
32.89
98.37
77.01
88.00
72.11
96.82
2.21
15.00
22.47
19.87
77.90
8.47
11.16
24.56
79.17
87.91
18.37
48.60
61.07
84.41
70.43
58.77
45.29
64.94
74.57
56.52
41.80
40.92
61.47
61.04
55.15
42.56
93.06
75.34
0.42
28.02
11.83
53.92
45.43
5.13
35.88
28.41
7.39
64.55
26.64
70.72
41.38
22.85
64.34
25.76
60.08
57.82
82.22
94.10
71.57
32.53
83.15
90.83
27.29
37.21
37.11
30.85
30.79
52.00
66.68
59.08
63.76
75.98
10.95
17.61
17.29
69.76
49.14
58.42
14.92
16.90
72.92
43.07
94.61
46.42
8.69
93.84
79.38
57.77
16.32
44.47
60.45
25.70
96.37
58.61
55.72
14.80
5.37
97.88
94.07
50.11
82.13
3.51
79.46
7.89
91.24
31.55
98.30
5.99
15.80
28.48
99.72
87.23
40.87
41.61
65.48
10.51
48.47
80.47
71.72
61.94
53.20
56.16
64.99
74.98
84.12
73.85
66.52
23.54
75.99
35.87
98.84
90.90
15.76
83.08
91.00
48.64
5.40
90.56
9.92
96.88
14.33
67.22
88.49
25.80
16.13
48.72
35.31
26.76
46.49
73.26
26.82
6.53
5.84
56.65
27.02
15.88
32.15
24.95
56.86
13.36
31.11
34.20
36.76
94.83
25.80
90.87
51.25
37.75
42.61
24.35
22.52
32.41
66.36
84.07
13.15
98.95
5.35
52.41
98.48
79.59
19.60
71.35
80.07
61.40
20.74
20.44
15.15
23.87
12.88
66.98
66.63
55.78
96.49
94.07
75.61
44.37
14.53
99.23
71.38
14.78
36.21
70.39
71.63
14.90
19.42
24.79
77.62
3.64
7.89
52.22
11.85
13.48
77.26
29.34
52.83
56.35
87.24
51.28
4.25
43.47
15.06
61.33
57.73
49.44
95.75
68.19
3.58
81.45
28.46
36.55
55.17
96.78
25.52
28.69
62.11
36.04
9.73
45.96
25.98
39.50
77.27
18.01
41.20
82.43
53.70
1.77
61.90
76.02
94.33
22.23
3.59
95.55
8.66
98.26
99.36
62.97
95.44
89.35
91.63
99.29
9.16
83.79
81.73
34.61
59.82
75.98
11.68
92.72
87.28
87.27
14.94
22.43
39.91
81.88
79.54
64.27
35.65
41.56
77.78
87.34
16.24
47.46
43.35
40.69
74.55
65.89
53.63
68.59
44.20
73.40
60.80
97.21
57.04
90.27
5.25
57.88
88.07
74.12
96.57
26.38
44.97
87.06
92.65
42.98
97.89
52.80
82.90
55.84
48.87
93.57
63.76
32.95
78.33
37.99
47.50
12.34
95.47
28.77
56.50
20.99
61.09
1.32
69.32
58.18
2.98
30.14
37.62
16.07
15.23
84.21
47.44
17.89
38.23
62.37
70.12
9.45
19.84
11.73
98.96
22.64
13.97
5.43
33.12
76.26
28.05
11.03
93.42
8.54
42.34
24.37
76.03
33.44
40.49
43.51
7.08
41.22
83.61
74.57
99.11
74.00
58.93
91.83
61.39
89.24
54.23
90.70
21.29
12.87
10.57
71.65
51.24
49.46
31.64
44.70
32.46
83.17
51.91
31.28
15.48
37.50
45.30
6.31
48.44
57.96
51.11
41.69
20.01
24.89
0.51
52.19
41.24
11.95
1.84
57.11
56.25
44.28
15.72
26.02
82.16
99.41
90.43
95.42
2.01
30.80
24.67
29.94
28.77
11.13
97.66
61.86
75.54
36.78
53.32
4.58
45.59
27.37
27.37
67.41
85.96
56.52
94.71
77.41
62.47
26.46
91.89
87.61
80.93
96.34
31.01
8.16
42.81
26.35
88.71
59.59
38.27
61.97
16.74
19.50
45.58
96.37
40.30
26.58
41.77
20.83
2.87
26.99
2.43
36.04
16.85
73.17
86.44
98.32
1.05
13.02
44.03
30.08
42.89
52.07
38.32
36.46
9.33
58.85
47.96
53.80
69.13
58.34
56.29
20.72
10.80
59.00
25.19
22.44
30.54
81.37
65.51
4.82
31.86
90.48
18.16
4.87
55.65
24.89
80.28
28.99
89.81
91.54
11.37
27.31
10.15
94.79
25.84
75.44
50.54
52.99
71.61
42.18
45.05
3.17
96.12
22.77
6.92
27.54
11.37
34.58
65.03
22.35
4.64
74.79
88.33
29.62
5.64
35.52
51.57
87.44
9.39
63.29
31.13
32.11
5.36
63.23
38.71
41.89
5.89
6.82
20.35
89.13
31.89
57.77
54.04
95.76
69.26
48.16
26.20
47.92
15.18
36.99
36.62
82.04
26.17
61.75
32.71
92.35
