36.98
72.82
88.75
10.57
76.50
71.09
8.06
25.92
57.96
62.83
21.12
87.16
10.79
2.23
2.69
40.86
10.07
80.29
2.68
29.02
20.23
57.76
42.99
27.82
54.76
7.34
91.83
67.30
43.90
56.47
99.21
55.35
11.49
84.66
16.00
47.38
27.19
55.96
56.47
3.70
83.79
97.68
14.94
7.98
0.76
55.54
93.10
22.30
50.92
56.41
82.24
84.66
87.31
52.58
42.10
11.59
35.85
86.40
82.04
33.74
37.21
0.72
33.21
38.06
61.51
57.72
25.23
63.47
22.15
43.41
8.10
10.46
8.57
28.41
60.69
86.13
10.42
96.92
75.41
47.83
98.98
0.00
47.48
81.76
49.92
79.66
91.50
10.93
81.39
12.11
57.06
30.07
21.56
79.10
53.32
64.07
69.26
70.28
99.48
70.34
8.37
32.20
65.51
1.60
99.95
55.80
14.49
27.17
48.65
4.23
73.34
89.10
42.01
6.27
3.53
29.19
71.01
21.50
5.90
9.81
66.99
64.57
29.10
18.21
95.12
4.76
3.65
94.06
33.26
69.90
16.01
12.02
72.76
12.15
73.83
21.19
12.24
6.05
72.01
23.95
58.99
86.02
73.37
78.26
55.53
26.74
69.46
82.02
58.11
4.83
57.37
73.35
27.45
78.99
51.56
31.53
64.36
22.29
12.59
20.75
45.55
86.15
61.60
34.36
30.96
68.79
20.10
86.94
84.32
77.14
58.38
7.25
53.51
39.23
19.13
92.76
60.78
23.60
59.97
58.08
77.98
91.52
67.64
97.50
10.05
39.88
52.60
73.27
15.54
92.08
1.61
13.46
9.48
8.83
82.48
2.17
73.63
51.76
53.60
49.99
82.51
80.01
81.02
29.03
18.02
80.80
30.42
22.75
90.49
0.08
33.26
14.60
94.90
46.05
93.05
47.84
49.00
0.14
77.37
53.09
97.65
96.23
72.96
93.92
2.19
29.37
80.99
2.51
85.86
91.07
81.30
59.64
52.67
99.75
77.63
27.47
16.34
2.60
95.97
83.07
28.96
73.27
41.15
5.04
5.82
64.21
21.76
68.33
97.80
59.48
65.15
5.02
22.74
64.62
78.84
59.82
52.02
0.58
35.79
46.85
15.83
93.71
47.67
36.77
29.94
12.13
76.62
26.62
35.72
59.60
70.68
77.47
37.84
31.93
49.22
87.30
55.80
24.93
5.52
61.00
60.44
78.57
23.13
55.04
30.30
3.11
16.16
10.92
64.18
2.49
15.67
89.34
67.82
45.17
33.48
52.34
78.93
30.58
51.46
71.37
44.90
49.43
57.97
29.23
14.69
29.94
58.69
13.23
38.44
11.96
27.96
24.50
30.96
61.65
75.48
61.49
66.45
84.09
91.38
43.11
39.64
51.76
43.82
87.52
60.02
10.98
33.10
6.51
19.97
34.68
15.77
73.23
43.85
77.47
78.29
57.14
86.43
90.87
81.90
86.05
38.89
82.20
89.75
26.04
35.09
57.90
30.26
94.85
73.31
67.38
77.87
64.59
82.18
93.15
28.59
50.54
74.51
39.97
82.06
87.54
81.55
17.50
56.12
69.24
17.29
31.82
55.03
58.22
56.38
92.64
97.96
59.92
68.48
66.88
82.86
61.58
19.11
75.69
16.91
56.67
51.66
67.90
22.23
94.36
83.53
10.74
32.97
72.56
7.76
6.55
16.26
47.22
0.15
86.97
65.02
4.48
1.34
61.39
69.95
16.27
58.39
6.39
72.03
55.10
42.34
21.50
73.95
10.23
40.17
75.32
43.98
57.56
31.85
90.64
46.09
88.43
5.99
34.44
97.72
49.78
68.73
48.49
6.19
9.84
97.17
64.92
62.18
27.73
64.66
12.56
66.83
51.94
2.58
14.83
60.30
27.63
73.50
77.42
99.19
85.87
22.63
13.66
79.03
3.50
42.40
68.32
10.16
36.26
41.73
66.87
53.11
55.11
5.49
8.93
39.73
17.65
87.51
10.25
71.36
8.59
83.37
91.07
86.47
36.61
58.89
73.64
72.67
49.19
66.07
54.66
83.84
81.19
43.32
2.90
74.22
44.40
42.04
71.54
96.45
67.66
72.95
49.72
73.93
84.80
39.95
49.07
75.50
5.09
65.02
66.23
62.57
49.51
78.34
51.12
96.96
34.35
33.80
24.56
8.73
9.24
71.98
41.14
29.73
73.94
26.62
27.21
31.18
52.25
89.89
70.09
60.01
75.11
74.42
41.92
20.12
64.77
21.55
15.35
13.20
47.93
44.06
16.77
72.66
61.95
88.26
75.28
67.96
50.77
20.72
10.35
69.74
63.83
66.54
33.99
99.92
20.11
6.73
69.13
36.33
73.31
13.06
57.28
14.31
72.71
90.12
11.72
51.85
47.52
35.40
16.73
21.13
96.85
31.78
77.42
58.85
53.85
54.47
7.05
82.20
81.54
33.74
75.19
96.28
94.48
39.37
57.49
38.08
51.04
52.31
16.23
96.93
32.67
88.25
89.02
39.72
92.91
49.74
21.98
44.93
94.80
20.71
83.95
98.42
50.21
80.91
46.03
74.36
64.75
61.51
78.04
18.45
1.42
94.97
91.79
17.37
87.67
59.74
93.78
30.25
13.57
26.94
30.62
4.81
46.67
97.04
12.92
52.66
0.87
40.04
49.96
89.73
4.04
17.11
93.25
71.32
40.01
94.65
53.33
39.33
45.16
62.90
96.72
15.17
11.15
61.93
79.87
94.84
99.06
16.41
63.60
57.49
72.61
78.31
27.16
97.77
43.45
63.81
90.83
67.03
5.85
30.48
99.67
20.93
42.87
58.75
70.09
87.15
6.14
88.63
59.84
55.16
94.12
73.79
91.94
49.99
41.05
9.92
92.71
27.44
58.78
7.16
78.56
0.04
74.38
64.54
98.92
60.65
98.82
95.61
30.61
57.70
64.96
92.17
57.44
41.98
83.32
47.19
46.78
90.56
82.93
43.89
99.80
19.20
35.74
1.85
10.61
44.06
38.03
22.26
30.99
88.84
30.48
43.19
87.00
6.53
91.16
49.49
24.97
62.49
56.42
31.74
62.18
58.83
86.84
78.77
27.27
48.17
24.53
93.19
74.13
37.14
73.51
73.64
53.58
80.37
13.22
28.51
72.99
56.31
44.66
31.05
17.80
57.68
36.91
67.89
14.81
85.13
11.43
86.01
95.72
58.44
37.37
23.22
76.54
33.88
7.23
88.61
2.51
40.48
82.64
50.36
86.45
68.63
17.36
57.40
37.53
62.76
68.37
28.15
26.28
91.71
69.48
25.59
53.42
95.42
17.74
89.46
53.78
92.22
21.76
83.00
64.33
64.09
97.53
98.72
89.72
21.34
49.95
22.10
37.30
58.22
43.54
75.45
88.96
87.36
54.41
98.98
63.34
37.80
20.13
5.65
4.60
38.33
37.57
93.53
42.70
39.25
32.85
52.09
14.94
16.69
44.92
82.81
36.66
71.49
39.20
22.89
96.66
88.40
74.95
17.47
6.33
33.02
8.29
62.88
35.32
46.45
21.89
27.25
85.04
88.38
26.98
57.81
84.53
75.91
47.79
58.49
31.99
21.56
67.92
39.31
44.12
1.26
11.85
84.01
45.48
50.81
48.89
93.75
59.48
2.56
34.16
82.97
81.39
42.66
93.03
45.46
46.12
40.10
81.71
96.52
60.45
36.60
46.78
36.67
53.60
43.63
33.71
31.35
59.55
18.85
40.27
54.72
47.80
38.02
91.95
85.24
75.84
19.87
65.16
47.10
9.57
14.84
76.57
32.03
28.40
93.69
57.34
4.99
29.65
31.98
83.49
43.50
47.02
57.32
68.28
62.25
47.54
78.84
47.08
1.64
53.89
89.68
0.46
90.72
46.59
72.72
27.77
0.28
92.69
20.90
58.01
70.55
87.25
95.05
89.56
3.53
7.38
23.24
35.48
70.77
92.44
63.61
62.52
48.65
30.40
40.21
3.06
6.64
95.25
45.65
44.37
55.99
0.78
30.08
88.37
5.02
20.27
55.20
95.43
50.47
68.46
34.98
29.37
81.61
70.27
24.01
29.20
98.71
26.54
11.99
27.72
4.73
67.55
5.22
18.17
65.41
6.25
2.06
33.54
76.66
36.11
91.88
66.12
3.06
89.23
53.79
78.19
58.94
47.49
55.90
0.16
22.67
27.21
7.01
46.10
61.87
61.53
6.36
72.13
66.08
23.87
48.53
33.52
9.32
93.54
3.94
7.98
82.54
80.89
53.32
6.26
84.95
45.27
62.35
55.33
85.05
45.91
51.66
81.20
98.47
61.07
85.20
11.98
87.22
25.61
91.07
9.37
35.53
16.10
41.27
80.67
68.28
96.02
19.29
90.91
69.89
29.11
7.22
60.55
2.33
5.82
24.62
64.43
54.28
14.25
52.35
37.15
31.56
64.18
98.20
6.90
22.27
43.28
30.88
61.37
15.91
37.07
42.47
69.01
71.21
5.23
24.16
14.38
28.67
23.95
17.42
77.91
32.39
40.81
24.81
68.49
1.10
81.57
11.27
21.06
12.37
4.34
83.10
92.16
45.77
58.11
38.26
66.80
99.33
70.37
5.94
17.89
26.93
85.63
34.53
0.94
13.72
22.36
10.23
37.28
95.68
18.46
67.43
25.47
2.79
69.10
44.56
93.25
87.58
60.47
84.78
27.81
36.42
31.51
44.77
54.42
71.58
39.07
59.28
35.79
30.64
25.62
31.74
88.26
55.28
45.53
12.45
43.02
68.51
87.12
40.03
6.71
80.79
85.80
1.07
95.75
6.24
75.33
1.07
3.50
8.99
46.07
82.31
23.48
63.03
27.97
58.86
48.10
16.39
42.68
54.54
87.37
70.86
50.11
44.02
9.64
34.44
34.97
69.08
9.03
18.82
93.64
59.04
70.68
26.86
75.47
31.28
94.38
97.64
84.63
45.08
24.25
46.32
37.95
46.60
7.66
35.63
49.07
69.80
61.52
65.33
77.11
46.77
24.10
88.93
15.26
38.38
5.55
44.47
85.21
53.08
50.60
52.10
4.70
78.28
28.33
12.19
19.56
27.78
91.11
91.11
17.31
8.38
39.35
86.54
28.58
92.32
29.03
65.16
98.87
15.08
43.90
50.19
46.21
69.95
44.05
73.15
11.96
50.40
2.16
77.13
83.64
44.38
62.52
19.30
99.51
78.59
5.53
87.91
86.60
92.19
99.61
6.40
75.35
90.12
75.95
95.05
17.24
89.54
97.37
51.70
0.51
83.44
40.46
48.69
67.49
53.33
11.79
2.03
42.84
41.33
44.33
94.28
92.26
39.33
25.56
14.79
39.71
57.89
85.29
53.47
27.11
96.93
6.06
50.27
47.71
66.86
73.69
50.20
36.84
30.88
62.61
5.57
73.06
31.27
52.63
64.47
6.32
14.31
59.17
2.19
69.45
3.02
30.00
78.36
50.35
35.78
76.03
1.15
55.69
81.11
5.05
70.73
13.27
58.38
36.37
53.86
78.87
7.68
35.59
91.08
61.68
51.36
19.39
65.04
22.75
35.01
77.44
65.51
49.98
32.19
58.02
17.82
63.78
48.49
63.07
55.33
36.33
21.64
41.22
51.10
96.20
68.81
33.22
80.19
16.95
33.48
45.86
23.06
81.00
35.75
25.34
70.86
20.65
41.52
50.27
66.25
7.66
14.36
90.96
9.86
33.06
15.14
71.62
8.17
1.94
27.05
36.03
64.50
2.60
4.18
30.86
63.45
62.21
73.99
33.88
44.78
88.83
75.91
29.94
13.44
93.83
46.33
72.25
45.31
22.55
72.38
58.29
26.40
99.85
17.82
1.38
8.79
68.44
39.02
49.04
92.42
68.14
54.84
73.85
84.19
49.46
74.53
23.84
44.85
4.77
88.70
51.48
99.42
65.09
99.60
98.01
89.04
69.22
84.33
72.54
75.80
65.83
86.81
42.99
41.58
55.65
32.76
70.71
1.24
21.84
23.87
44.27
10.53
26.54
61.12
63.31
1.41
6.94
20.53
48.91
78.91
68.94
27.80
76.69
92.59
98.60
49.95
20.26
66.59
26.96
3.34
69.97
40.75
49.99
48.64
71.63
56.66
67.75
54.53
76.14
74.60
34.86
91.49
54.96
87.78
30.20
40.22
74.03
34.61
45.22
0.20
80.24
89.04
79.15
0.03
66.01
71.16
73.65
84.92
94.73
96.14
21.63
30.31
51.04
68.27
54.58
88.92
2.62
89.54
78.63
15.05
31.73
3.44
78.66
59.25
14.51
71.69
82.47
81.33
82.10
48.11
76.79
98.05
17.15
52.18
80.63
99.31
33.63
70.64
92.56
87.15
43.71
45.70
76.07
99.51
96.96
71.73
60.79
41.08
44.33
7.52
1.95
78.09
98.07
78.38
60.88
46.70
95.76
7.03
81.15
41.96
7.35
44.28
13.96
82.89
0.52
60.69
18.92
51.32
16.57
68.07
20.04
91.30
51.71
34.94
92.84
49.50
33.61
72.32
67.01
2.30
10.67
17.09
54.89
83.93
53.15
69.18
41.50
77.82
85.22
91.33
71.16
26.00
29.60
65.06
6.72
7.64
98.70
37.80
13.85
70.37
20.13
34.16
30.27
95.15
46.06
21.36
34.11
44.97
81.77
77.19
8.32
10.13
6.40
70.46
49.62
94.73
58.95
45.25
31.04
95.64
6.10
64.66
46.48
74.69
37.52
91.21
82.04
19.73
11.75
14.72
88.30
65.98
0.50
61.41
97.88
75.67
82.33
70.90
73.31
9.35
23.61
17.69
69.63
17.61
26.12
9.11
12.75
57.38
3.59
63.03
58.39
30.32
60.24
37.62
87.91
58.86
3.33
94.11
43.84
60.12
51.45
37.60
1.33
7.97
77.31
25.94
73.82
79.18
8.02
47.41
26.70
99.86
17.72
93.89
5.33
34.84
13.99
34.20
6.39
5.69
79.61
75.32
5.01
85.86
81.87
96.00
54.65
81.64
50.97
91.41
14.15
19.03
47.22
35.44
91.23
32.53
71.56
17.27
87.32
64.09
25.65
9.32
58.71
96.52
88.20
65.32
30.52
19.54
70.30
29.48
71.97
70.66
45.60
29.61
11.86
71.16
47.74
96.33
84.43
38.62
69.37
5.26
50.19
61.78
71.70
22.09
76.19
96.47
48.00
42.90
3.69
40.83
28.91
52.42
92.97
87.02
14.87
86.16
68.72
50.49
19.06
0.94
79.07
37.81
48.06
64.80
46.74
37.04
94.76
2.72
42.43
89.56
2.82
17.35
76.70
92.89
77.03
46.74
29.27
85.36
14.02
22.04
80.82
18.07
99.82
31.18
5.34
16.71
40.81
40.20
14.83
34.03
15.29
65.94
89.07
67.05
73.51
28.32
30.64
73.35
67.60
20.13
3.76
84.50
5.75
78.64
55.30
77.72
62.13
78.84
75.52
11.29
97.82
21.10
81.82
42.42
12.34
70.78
56.25
78.03
24.05
8.43
58.14
20.44
54.77
99.14
84.86
76.95
5.51
72.86
30.47
32.58
30.54
15.46
94.93
60.71
12.30
67.98
60.66
63.97
80.64
51.49
18.37
23.61
76.09
8.31
38.10
86.65
48.09
67.96
99.17
19.26
98.46
65.41
67.48
38.06
64.62
74.67
19.48
99.65
3.29
66.40
16.53
1.19
12.26
17.00
11.46
24.94
24.05
47.67
3.31
20.89
72.75
28.87
48.16
22.71
51.84
25.42
21.94
28.15
79.60
35.66
13.75
55.68
78.22
90.13
37.32
75.79
37.58
2.99
86.69
49.32
30.38
92.87
78.77
35.12
76.72
44.18
92.45
12.75
72.73
11.74
3.10
0.01
33.25
45.66
79.98
54.28
76.39
19.66
52.33
14.27
19.18
84.38
43.36
15.92
55.95
65.01
83.52
18.20
59.67
78.94
26.28
44.75
73.55
76.04
39.65
53.35
95.37
8.28
5.91
55.55
17.47
41.51
32.40
28.49
1.28
76.86
68.92
47.23
52.35
32.23
46.17
96.89
57.47
56.82
86.23
85.35
33.30
14.64
14.88
36.09
34.37
87.04
94.59
70.62
76.89
25.16
32.00
16.58
83.54
43.10
29.42
5.78
32.48
92.62
95.73
98.67
6.71
97.54
21.56
33.81
56.22
85.19
69.14
42.50
50.70
0.24
23.19
48.33
64.26
90.97
33.69
45.73
72.89
87.98
79.78
34.12
34.26
47.51
5.47
2.50
76.84
39.90
17.43
66.95
95.28
90.23
14.93
28.69
27.24
96.98
96.20
61.22
55.14
20.42
44.12
47.34
77.97
67.73
53.28
4.25
63.73
51.14
61.85
97.60
44.33
25.33
59.16
27.60
26.49
2.26
84.03
59.46
87.78
6.69
69.98
65.18
95.17
8.43
32.57
75.93
54.86
46.96
14.83
60.58
9.75
16.98
28.30
22.36
68.72
63.03
69.90
93.55
22.50
31.31
96.58
11.54
66.42
19.63
85.66
80.93
22.56
67.65
89.49
69.17
61.44
7.01
43.71
21.09
34.56
9.21
22.57
88.59
95.71
87.16
61.71
92.59
78.95
56.03
80.44
82.43
26.77
73.69
90.63
11.88
89.92
37.26
89.79
0.60
23.49
61.28
31.53
67.74
26.79
23.35
14.86
92.96
12.69
40.21
74.36
42.58
65.79
54.54
66.18
70.93
56.88
60.99
86.57
24.95
22.68
43.97
87.02
55.10
50.21
20.55
39.17
84.30
93.43
9.29
40.38
34.19
13.65
76.68
91.35
30.93
11.80
11.72
21.45
36.93
31.45
29.66
62.91
52.69
64.89
8.94
65.97
7.06
5.15
28.62
70.16
74.41
63.23
57.37
22.76
45.20
66.63
37.54
6.03
28.75
4.43
72.94
78.29
73.22
50.15
39.26
76.71
55.44
36.70
73.27
72.13
30.68
96.14
61.33
82.79
53.55
96.03
10.50
52.32
38.43
54.88
86.92
56.00
50.26
66.79
54.17
26.10
88.56
87.98
45.11
47.79
64.11
21.16
93.79
45.46
31.73
24.23
49.05
61.30
52.35
78.46
98.29
6.47
40.01
33.68
22.53
95.04
87.06
53.36
1.12
72.37
27.93
31.45
44.34
73.79
13.48
72.73
36.63
93.19
38.35
11.74
34.19
14.83
33.55
41.86
63.12
27.40
18.07
93.49
4.01
81.29
51.48
36.51
34.75
32.71
71.39
96.27
7.69
11.28
81.27
84.92
58.06
53.94
40.27
51.86
5.54
44.44
56.15
67.88
43.74
33.52
61.05
27.60
86.47
69.28
21.78
23.16
38.95
34.81
74.90
70.15
58.62
46.43
7.88
95.43
99.66
11.91
99.65
32.30
26.72
48.28
57.28
82.35
53.23
5.57
24.03
84.12
80.73
77.64
50.91
28.09
30.30
50.96
2.30
86.95
89.60
15.73
43.01
3.51
28.46
62.88
74.56
9.99
73.01
31.33
20.56
31.41
3.59
39.52
25.53
15.51
71.89
6.60
36.71
48.81
4.17
67.12
94.39
59.79
53.86
28.13
90.20
95.89
99.41
2.87
98.95
8.76
87.34
92.09
75.83
28.72
17.42
46.67
22.32
44.97
65.38
0.01
94.55
21.66
55.79
34.11
77.63
87.61
18.23
88.79
9.42
84.90
84.25
22.06
57.30
90.29
44.70
41.65
0.18
93.97
26.47
45.68
38.55
59.96
97.48
62.51
24.67
72.23
31.81
43.21
66.12
31.40
38.79
67.54
46.14
47.21
71.78
20.70
33.20
81.61
38.16
75.61
81.60
50.05
70.35
66.78
66.57
18.80
51.10
57.85
51.69
51.90
73.11
92.43
88.97
40.70
88.26
42.21
19.11
38.62
29.32
50.27
44.97
22.39
93.86
71.10
86.06
92.21
27.20
20.35
82.21
49.40
70.82
27.75
50.65
43.92
32.39
64.41
19.24
7.69
74.35
0.64
69.29
72.03
91.53
69.24
84.71
74.92
30.41
19.08
21.60
71.84
1.83
13.72
11.72
68.90
95.63
29.16
85.25
65.43
79.45
27.57
64.90
80.16
90.38
7.32
76.29
29.42
54.80
25.95
86.72
11.93
54.75
14.20
64.51
17.97
61.33
67.26
99.17
64.21
73.95
38.41
44.85
99.65
97.66
22.72
70.96
74.42
28.78
55.64
7.29
31.99
28.01
10.00
74.14
87.99
47.88
56.46
13.06
56.38
67.49
77.67
44.18
52.28
73.72
91.60
28.93
82.55
46.06
25.90
10.60
74.51
14.33
37.44
98.52
53.42
0.64
70.80
89.74
40.71
33.35
55.07
55.90
51.67
56.34
1.03
50.66
57.92
34.25
21.05
63.52
79.23
5.21
53.89
57.61
6.95
9.39
52.80
55.12
56.81
85.45
48.64
99.44
17.78
92.23
10.51
45.80
8.81
13.88
36.43
8.93
4.31
68.24
84.35
44.40
8.08
53.87
11.20
99.31
26.76
89.86
87.40
94.09
59.34
59.21
99.62
1.30
6.00
70.08
13.94
65.17
75.65
