7.03
75.53
10.65
24.11
88.47
90.53
85.46
80.10
54.10
85.70
87.26
14.78
66.86
29.64
13.45
29.78
12.44
27.15
89.67
20.20
28.50
75.63
92.89
70.00
40.23
95.80
26.67
70.45
12.73
28.45
1.78
45.21
8.11
23.56
22.14
18.70
15.18
17.50
54.91
19.93
62.25
37.40
53.86
40.81
67.40
67.09
85.76
34.65
57.14
49.10
49.45
95.38
27.18
60.89
6.64
1.81
29.59
42.97
23.71
22.23
37.05
53.55
0.86
29.25
99.45
87.67
61.84
41.12
72.70
6.05
15.27
92.42
1.93
32.52
11.01
13.71
27.32
97.86
38.72
27.99
4.28
4.69
66.54
60.23
21.77
23.13
97.42
30.76
12.98
89.42
63.16
11.10
56.52
12.27
83.85
11.14
69.45
41.54
66.87
88.05
92.69
44.71
7.21
47.51
48.13
12.08
50.13
23.16
44.15
16.88
95.91
8.92
29.93
41.44
63.97
62.51
91.99
5.00
84.07
97.84
55.89
87.94
82.02
55.98
22.38
29.57
54.10
7.82
45.45
94.98
29.84
50.20
52.08
19.60
10.77
53.07
13.53
64.16
34.62
93.48
30.79
57.56
34.12
61.38
34.39
58.71
41.35
38.80
82.95
20.12
63.41
57.52
59.51
72.78
62.88
97.42
54.55
70.55
79.86
91.57
24.13
65.95
97.48
68.74
91.61
56.73
65.40
28.06
5.62
24.97
80.49
57.74
54.97
42.11
42.56
47.48
71.10
36.72
45.32
56.63
94.59
89.44
89.69
64.09
2.89
41.05
16.78
90.38
6.80
23.91
96.95
38.23
13.73
20.98
78.79
88.41
57.94
93.61
67.41
40.95
12.81
73.92
17.77
2.39
22.89
38.10
32.52
57.55
57.06
2.19
46.77
16.51
10.70
38.11
9.54
28.18
71.03
10.60
50.57
89.04
78.61
60.39
16.36
16.30
74.61
42.25
95.17
57.00
11.24
91.34
5.71
61.99
89.62
78.34
20.47
64.53
83.68
47.92
23.77
55.87
68.15
50.56
88.25
54.79
58.30
35.55
88.25
90.10
44.02
21.67
44.49
20.40
18.15
13.70
32.09
51.54
71.57
3.87
86.94
52.99
97.13
7.85
41.67
9.89
30.14
21.77
60.98
9.85
40.47
51.78
84.43
25.53
43.13
15.96
41.86
53.14
85.90
10.81
88.79
63.06
37.55
43.77
51.30
73.33
23.60
65.23
42.82
16.96
95.05
39.26
79.25
31.16
19.65
4.40
64.94
19.15
94.84
19.80
53.45
89.13
10.94
46.84
96.88
83.72
60.93
29.93
57.54
24.74
7.52
86.30
36.60
85.91
85.90
94.92
4.49
16.98
86.02
21.01
59.74
23.22
98.78
88.37
54.26
36.97
94.10
85.48
78.19
86.91
81.06
64.37
56.33
94.09
57.11
41.30
43.91
97.81
84.42
75.92
22.43
70.75
48.78
96.51
15.39
71.27
3.94
86.67
35.91
74.06
26.41
67.98
48.95
90.53
16.52
85.68
80.22
7.54
55.25
29.25
57.93
6.07
83.86
69.33
27.47
38.16
61.84
94.29
48.61
84.20
35.46
37.86
65.67
50.18
84.12
66.60
35.49
21.22
52.79
85.19
40.07
94.72
86.88
9.36
89.86
74.64
65.80
50.87
38.00
24.18
92.37
33.19
61.32
35.19
71.75
19.12
36.06
80.28
88.63
80.62
51.05
7.75
59.22
18.06
71.38
27.64
91.26
10.93
28.24
71.20
17.24
82.90
1.92
86.87
65.00
70.99
56.65
81.53
4.81
1.65
58.08
35.12
69.79
47.26
39.10
35.07
17.49
0.01
16.90
77.55
37.15
31.86
82.81
22.33
57.48
8.03
74.64
42.29
38.37
58.86
23.61
70.25
83.46
12.03
99.01
41.21
11.41
7.03
88.09
33.09
40.36
36.68
19.28
86.96
29.60
75.28
8.33
19.95
39.37
88.36
89.89
64.12
68.28
46.12
96.30
50.29
96.97
78.81
39.72
15.63
86.52
75.47
81.08
28.32
56.88
15.77
79.81
85.82
15.20
27.10
48.97
84.33
53.25
61.29
25.87
82.77
2.60
9.75
79.28
92.17
49.95
3.96
83.28
59.65
61.75
92.12
73.88
55.68
44.62
1.66
5.29
15.74
68.72
80.34
77.19
69.93
69.22
94.75
85.36
38.30
95.54
26.60
62.39
45.39
80.53
10.07
10.92
57.24
13.65
96.96
12.82
98.39
53.50
64.54
89.15
82.86
25.76
91.47
55.83
41.10
97.38
85.20
98.95
25.90
13.45
19.67
79.45
14.66
96.77
4.90
46.78
56.36
30.59
86.13
23.68
77.40
24.18
69.15
52.90
69.73
69.84
43.51
17.90
2.19
21.82
51.80
44.97
0.69
8.56
61.95
43.47
85.42
90.27
99.46
50.10
17.21
49.32
2.73
11.21
92.78
20.56
22.08
28.76
64.41
75.61
30.00
29.49
83.77
37.55
48.49
65.70
53.87
32.94
32.93
24.52
92.07
86.57
9.04
14.47
86.17
1.95
28.12
74.28
55.06
43.27
69.64
69.43
4.52
58.08
44.08
48.47
42.78
85.27
57.93
12.09
90.16
15.72
35.13
0.79
93.30
1.07
78.94
52.81
83.77
76.44
52.54
68.06
78.35
10.11
4.84
19.05
32.19
12.69
8.91
63.79
26.29
98.53
41.81
86.56
55.83
29.58
25.35
18.95
91.79
43.43
36.16
76.80
45.15
80.39
30.58
64.06
83.57
74.97
8.38
62.62
5.41
70.45
85.80
26.98
66.32
63.15
84.32
4.36
51.20
83.78
88.01
41.91
3.47
18.90
60.87
71.09
85.03
14.76
34.97
16.49
41.09
28.33
61.93
9.06
88.75
73.82
44.74
47.12
92.99
20.58
93.65
72.57
13.00
38.49
6.64
55.68
26.49
56.49
74.37
27.44
17.82
50.33
14.09
2.95
90.69
4.49
11.04
7.38
84.86
80.90
19.59
38.65
66.48
86.09
74.99
92.77
27.82
60.11
9.69
44.76
76.56
17.09
21.97
18.92
25.81
37.70
77.98
5.90
65.04
27.25
17.32
47.26
86.33
77.63
88.01
47.29
23.91
13.41
43.28
19.34
71.60
12.05
36.95
70.10
45.81
87.61
62.14
78.55
50.42
50.83
46.46
87.17
31.18
26.63
19.97
35.57
98.01
11.14
34.42
4.38
6.48
96.84
68.70
5.86
27.73
88.25
83.69
68.31
75.53
45.37
2.29
32.31
94.33
40.30
1.32
6.77
96.10
65.06
72.41
88.07
5.93
24.81
50.53
94.24
73.39
52.77
33.18
56.82
58.59
90.89
97.39
1.63
80.85
24.06
98.13
27.52
60.73
62.06
63.26
54.07
72.32
99.00
87.41
86.85
63.74
59.03
2.35
36.92
35.85
24.72
91.14
36.31
95.31
76.81
13.74
31.67
69.39
54.35
46.26
63.89
83.09
66.04
69.32
86.20
43.82
17.83
35.32
89.68
11.79
52.80
42.32
30.70
76.86
46.73
43.19
39.05
83.54
60.30
48.31
57.80
25.42
12.00
46.68
76.31
20.46
42.60
94.79
23.96
51.51
31.67
77.72
65.64
79.38
95.58
44.80
52.66
44.30
47.17
59.05
85.73
79.63
96.52
2.09
22.24
88.12
35.01
9.33
25.01
33.85
83.09
83.21
74.05
40.50
81.26
48.18
33.10
50.70
35.94
17.81
98.71
2.12
11.36
51.87
58.56
73.14
87.58
58.10
7.21
65.76
55.01
79.00
72.58
3.15
97.22
25.47
24.68
57.59
28.18
21.47
38.95
17.63
41.02
89.43
70.75
59.74
68.50
95.72
66.16
86.03
59.82
22.69
29.00
39.66
46.65
57.51
69.51
41.73
29.88
23.83
79.57
33.79
49.78
88.64
69.20
77.95
16.11
49.59
70.87
1.31
42.95
89.69
90.40
28.96
17.70
31.61
26.68
26.95
17.94
84.31
7.85
61.70
39.64
95.93
31.20
73.07
18.35
63.85
13.49
57.33
94.82
88.05
63.51
78.08
32.15
43.87
82.54
5.21
35.73
18.28
81.15
28.25
79.66
94.58
32.30
66.18
78.37
79.64
30.28
37.75
31.66
63.64
39.15
42.53
19.47
22.89
52.77
45.75
65.35
6.10
79.87
21.88
81.06
70.94
4.66
93.86
87.17
1.08
12.55
67.94
1.23
44.78
25.07
44.93
88.60
48.73
99.24
92.30
94.20
97.00
71.58
76.51
48.60
80.82
69.18
80.30
68.38
1.02
17.02
2.51
81.87
20.66
2.56
44.01
94.53
15.27
16.14
56.00
45.88
84.02
31.07
39.13
18.19
21.96
34.70
99.89
51.59
9.20
73.29
43.84
87.52
47.52
75.60
53.25
54.54
83.04
63.43
19.43
45.27
92.19
54.58
54.77
71.09
13.81
53.42
70.38
97.73
21.62
26.86
65.63
11.54
51.75
32.62
75.44
86.85
77.30
67.88
1.87
97.77
26.16
77.24
24.73
21.92
23.92
12.80
33.69
9.95
40.58
90.54
65.16
20.82
46.82
37.32
96.70
77.15
0.57
42.65
38.53
24.38
59.78
21.62
22.66
2.18
88.84
22.40
1.56
94.57
22.92
31.16
97.00
64.76
78.10
56.96
57.62
48.30
11.11
82.71
71.50
13.44
59.61
54.36
8.17
70.50
57.90
76.04
11.90
5.75
91.04
46.29
19.91
27.32
6.74
77.25
3.38
73.53
51.07
82.18
1.23
1.67
60.26
23.17
60.86
68.50
0.29
1.86
88.66
24.32
43.35
16.28
64.19
90.86
75.22
60.12
2.38
5.08
68.98
75.41
20.84
56.88
8.05
61.99
74.85
35.04
85.00
49.64
35.02
49.57
91.02
65.54
68.51
67.89
61.76
75.64
82.84
72.70
95.46
92.12
16.55
25.06
71.71
50.97
42.91
31.27
2.30
70.23
63.46
41.02
75.37
56.35
5.72
44.52
99.53
53.47
78.79
43.64
96.72
39.60
27.09
27.37
22.96
29.84
80.49
35.35
55.68
43.15
33.67
47.47
83.64
23.27
20.57
62.05
66.25
25.39
56.76
48.52
22.32
3.38
34.32
78.96
73.03
37.85
97.52
34.82
25.59
3.78
48.98
89.61
6.65
84.92
30.83
18.95
82.21
38.05
16.33
97.62
1.93
19.56
59.43
98.71
59.12
53.97
10.72
69.91
74.53
33.03
9.32
28.40
24.85
12.30
25.82
55.06
15.11
27.57
72.64
65.60
49.03
77.42
51.70
49.97
84.65
72.22
2.49
38.20
99.96
86.43
74.85
46.67
88.86
11.44
91.50
45.84
72.76
62.11
16.05
38.49
14.42
63.82
47.76
85.46
10.04
41.11
17.86
4.43
15.33
27.71
45.85
51.49
22.31
18.62
47.35
73.97
45.42
39.75
84.81
82.95
31.83
18.55
96.19
88.46
74.75
5.46
10.58
55.86
56.84
54.00
28.49
74.24
59.44
66.67
90.05
35.49
39.52
44.61
42.79
3.44
41.71
60.68
15.95
7.74
60.19
43.82
39.66
9.96
68.10
1.91
0.61
40.40
34.86
7.80
72.26
96.75
18.76
96.62
31.81
12.29
66.36
3.40
9.46
91.35
73.04
67.36
24.32
18.40
67.87
83.10
12.84
76.30
33.15
12.06
53.58
68.56
85.12
71.12
6.62
72.41
70.93
66.93
1.67
9.55
95.58
71.80
1.11
38.51
18.77
49.93
52.33
2.05
41.97
40.28
84.50
53.55
50.22
73.22
96.54
85.13
37.93
8.85
98.07
82.05
73.21
78.35
60.67
97.49
72.36
33.47
55.82
70.36
55.95
42.94
62.47
76.51
52.16
76.35
87.86
35.56
29.86
55.38
62.13
98.55
18.51
97.89
71.57
72.17
2.98
10.43
76.06
96.30
31.95
14.46
69.37
54.57
43.81
17.06
98.31
75.69
12.14
22.74
23.58
22.61
20.89
69.29
85.00
99.18
96.81
26.79
92.39
7.34
8.99
26.13
79.82
86.85
34.49
47.55
55.30
39.60
48.01
80.23
60.67
53.24
31.11
74.14
8.24
69.42
24.01
46.10
63.12
76.48
49.17
37.09
11.12
83.78
13.16
78.69
21.42
87.24
72.22
4.01
97.89
82.09
97.13
31.68
99.37
85.72
96.14
90.72
16.61
91.35
35.38
91.58
13.47
64.92
10.34
50.69
24.99
30.19
55.07
95.04
49.71
33.55
76.98
53.32
22.45
7.92
81.93
31.61
47.76
20.67
88.63
78.43
20.99
12.85
63.31
54.43
3.68
30.00
35.46
46.82
44.56
88.26
68.85
48.22
63.55
4.92
40.31
75.58
91.07
40.66
76.47
20.27
31.10
20.05
48.00
78.94
57.20
97.16
1.71
80.60
32.09
29.78
29.18
14.79
24.31
25.37
85.05
25.70
41.42
97.23
67.16
16.64
65.00
72.08
84.36
95.32
72.18
44.95
43.45
86.96
17.62
25.40
29.40
29.44
7.66
12.28
2.40
84.82
3.04
72.53
45.92
71.64
98.35
27.75
61.28
88.19
54.88
35.97
92.85
79.59
84.48
24.91
4.92
66.99
26.11
92.47
53.39
68.65
45.06
20.98
5.60
86.89
20.54
71.78
45.93
23.37
5.38
80.88
25.82
15.95
88.84
15.32
79.84
24.24
47.49
98.13
88.14
24.93
36.57
7.53
42.41
91.65
92.90
92.43
60.54
13.40
1.11
42.77
21.40
90.16
36.93
24.74
88.72
90.79
93.66
18.04
91.09
74.37
90.38
81.97
37.91
60.01
47.06
45.13
38.77
38.40
60.03
51.23
88.28
93.50
63.17
75.86
82.22
8.01
93.55
77.57
83.65
4.34
98.76
3.86
43.62
64.56
25.12
54.94
18.00
21.39
33.23
39.16
36.76
10.24
39.26
60.94
36.72
64.65
26.96
30.57
44.76
44.68
48.70
62.10
91.51
61.78
81.99
7.94
21.55
94.41
99.21
23.36
7.59
84.10
60.23
73.22
92.44
36.50
74.99
90.81
35.04
98.24
11.75
66.52
41.06
32.37
7.43
1.07
90.98
37.17
37.69
15.26
75.69
63.45
75.50
46.47
36.25
66.71
54.35
82.88
69.28
93.60
14.13
69.36
54.65
56.26
66.64
81.58
55.76
70.25
11.60
16.59
4.12
34.20
45.76
63.84
2.03
11.92
27.37
46.01
17.26
8.98
50.00
88.98
76.42
12.09
62.44
21.61
8.41
42.68
30.65
47.81
79.15
60.11
48.01
13.29
62.09
90.25
22.11
67.32
46.01
80.93
43.27
62.89
42.58
2.61
7.35
88.70
52.12
39.15
10.89
46.61
56.28
23.11
47.26
50.94
25.73
27.71
95.63
82.08
14.14
0.42
38.82
20.27
7.59
75.78
4.16
76.21
60.28
14.56
20.74
33.54
12.13
31.84
53.12
10.31
30.34
89.65
50.74
10.26
12.90
19.04
26.45
63.27
87.19
14.00
54.01
55.67
47.15
66.57
78.54
25.98
70.55
50.13
85.44
1.52
30.99
45.19
66.08
86.77
74.60
60.19
69.48
13.58
90.62
16.74
27.36
83.82
47.58
86.71
56.40
54.81
24.09
57.08
12.47
54.57
31.11
1.25
61.47
71.74
95.97
39.15
47.29
97.67
97.95
91.05
96.84
12.02
24.73
44.50
69.40
80.39
58.97
76.84
0.66
38.82
17.33
88.34
45.31
93.51
28.01
10.61
69.16
36.87
55.37
73.35
29.29
60.26
85.38
2.05
21.62
61.72
87.25
4.65
89.19
83.91
75.97
92.24
28.87
18.95
80.33
87.80
30.30
60.55
78.56
59.03
41.72
44.65
69.38
69.68
28.69
32.39
56.18
72.98
88.78
25.94
85.73
22.76
26.81
96.20
19.50
13.39
19.92
15.54
39.37
7.75
3.77
37.09
11.38
27.13
45.89
87.86
10.19
99.05
39.59
38.11
39.15
57.13
87.79
18.27
13.95
72.19
92.72
76.99
41.51
10.39
71.25
9.16
40.54
48.88
51.61
80.42
13.22
77.78
29.64
4.86
72.93
30.98
7.65
86.69
49.38
30.88
74.92
49.72
55.42
0.44
33.72
7.82
96.52
94.04
54.52
63.91
81.43
97.84
31.46
61.19
0.25
48.95
96.56
85.12
30.01
19.38
9.42
94.54
57.00
55.09
79.71
33.07
94.93
76.81
5.56
12.25
87.72
96.68
59.96
14.68
53.36
48.88
71.02
75.96
75.70
81.52
36.78
87.01
82.63
10.58
91.02
22.87
32.42
34.10
97.46
31.16
44.21
3.36
28.56
48.47
77.63
82.60
5.04
0.88
54.78
11.19
2.78
24.14
76.41
1.52
77.50
56.76
8.62
93.98
74.88
63.96
41.54
67.97
78.53
89.41
55.16
88.87
61.64
98.59
70.30
0.25
90.33
87.09
43.07
89.58
25.09
93.38
25.06
98.17
80.79
7.05
77.48
67.84
89.56
45.89
70.08
35.70
32.96
64.84
59.53
88.97
0.43
52.17
53.39
85.71
80.40
99.15
20.77
13.27
82.51
81.23
98.08
0.50
9.73
8.37
20.49
31.54
43.84
96.70
90.65
27.19
1.19
48.59
33.89
79.63
93.60
83.55
61.92
81.80
34.53
10.42
55.69
48.29
72.86
56.15
0.06
22.08
11.93
28.33
61.57
69.78
25.37
6.36
88.07
22.81
66.06
84.55
53.72
87.64
78.71
16.35
89.46
38.10
84.33
93.48
73.82
26.56
65.24
67.85
72.79
52.77
90.89
39.01
40.37
84.25
80.47
0.21
50.41
67.45
7.26
34.56
73.72
42.74
65.74
23.99
99.23
75.55
68.68
28.49
9.30
43.61
62.37
9.24
55.39
6.15
73.22
75.46
51.50
74.38
21.22
80.01
76.14
9.72
90.10
28.15
81.87
55.78
12.88
2.83
2.75
36.90
70.39
24.59
85.05
43.49
55.50
46.23
16.76
2.21
99.38
42.73
35.33
17.66
5.12
52.52
86.34
0.87
69.22
37.62
17.56
95.24
74.62
98.56
14.48
57.46
72.76
20.45
95.04
78.06
6.04
62.37
81.72
75.71
18.51
84.92
24.34
28.61
72.30
96.02
84.92
73.66
84.94
47.84
25.20
12.58
97.20
46.27
26.74
11.77
9.88
58.32
18.71
46.20
89.50
43.56
75.24
61.35
67.19
43.63
76.98
84.49
38.91
67.34
98.01
41.63
7.38
85.80
62.30
28.59
45.69
61.59
56.00
24.25
41.66
37.18
38.21
87.90
25.93
57.41
90.44
64.62
62.95
93.25
24.31
11.44
85.37
6.33
60.06
54.74
75.41
79.45
32.11
61.61
45.30
96.56
89.18
72.67
85.09
80.40
74.91
14.95
62.96
25.84
19.08
0.87
69.67
0.84
69.03
63.67
89.36
22.08
47.90
32.33
15.17
41.55
78.95
84.14
23.95
58.77
62.69
59.29
36.22
47.46
32.98
76.88
32.00
86.88
40.55
2.82
92.34
16.61
56.10
9.45
17.61
63.09
21.73
98.26
28.08
3.74
97.88
87.20
8.18
36.41
62.18
81.13
15.04
67.28
18.08
25.45
90.25
6.48
69.67
11.31
13.05
64.78
38.76
4.18
4.10
26.08
49.08
50.24
70.13
19.08
40.28
71.49
66.85
59.97
35.21
73.38
14.60
11.26
99.82
79.49
31.98
22.41
89.04
86.16
22.04
39.64
30.92
7.33
95.15
22.38
9.23
68.99
38.98
32.38
54.29
41.03
99.57
99.68
7.35
42.57
8.53
90.92
96.98
94.38
8.76
9.10
89.93
92.38
99.52
7.67
1.45
16.71
76.01
89.42
26.82
67.98
6.09
14.03
57.72
2.64
27.63
10.24
32.93
85.22
58.64
86.70
56.99
25.21
6.54
15.24
22.78
91.32
38.85
98.45
77.35
50.43
54.35
2.08
33.52
39.88
5.82
24.50
10.01
70.53
99.32
19.07
93.86
84.18
77.94
0.98
29.89
74.43
5.33
69.53
4.62
6.31
61.29
57.48
18.90
31.96
57.90
65.27
62.13
29.58
22.57
79.51
36.44
63.64
49.95
86.13
26.90
71.41
67.69
95.76
90.94
97.99
12.15
67.31
85.01
95.83
75.32
22.53
18.24
70.79
41.98
96.73
54.26
56.33
20.32
14.21
25.57
78.44
76.47
43.46
71.66
53.84
24.00
80.51
37.17
76.87
30.49
57.94
56.92
81.25
96.18
92.03
29.39
64.70
19.62
62.57
47.36
47.98
59.21
8.11
0.70
90.12
29.07
84.36
60.63
53.97
16.50
29.66
20.77
62.92
28.26
54.60
76.88
64.78
54.30
43.26
50.20
55.98
45.36
62.94
65.22
50.18
46.38
25.92
30.06
56.11
42.61
