71.72
45.56
8.03
69.17
55.53
10.82
26.71
70.25
89.93
83.74
85.68
68.02
29.72
2.93
65.87
98.44
60.74
56.66
80.99
67.24
14.48
1.24
0.22
37.20
62.33
95.20
77.15
13.41
20.92
60.22
26.26
39.47
2.38
47.10
73.83
85.12
66.60
64.72
38.83
88.46
85.17
25.55
75.25
77.56
55.65
94.30
25.67
21.63
79.98
83.64
91.30
7.23
60.19
3.02
46.69
91.23
7.07
85.07
68.59
22.31
52.98
48.80
40.61
92.47
22.36
41.55
37.11
93.62
49.74
94.68
9.62
58.28
8.67
89.89
38.16
42.53
72.21
23.09
44.94
3.32
43.11
42.32
4.87
19.10
56.08
89.98
37.08
10.48
55.93
57.19
25.19
22.39
79.43
61.29
97.13
11.00
79.44
55.49
66.84
24.26
3.26
67.47
33.76
15.72
4.74
82.10
4.72
96.58
72.76
77.60
28.00
13.59
71.35
71.74
8.88
24.14
28.47
73.74
98.54
3.06
45.51
99.34
96.25
94.67
15.59
37.86
6.06
43.61
53.90
46.52
72.96
14.16
70.76
59.60
54.11
57.74
12.93
46.71
63.79
52.25
76.76
39.88
9.82
98.46
1.44
6.51
91.03
84.08
28.56
27.87
98.26
50.40
11.35
3.92
0.05
3.26
72.42
77.95
20.86
38.03
98.10
12.92
12.26
10.08
39.57
8.30
35.72
43.62
66.85
10.48
73.65
68.77
32.91
9.47
44.66
68.84
81.24
36.76
89.11
26.48
71.79
37.84
84.91
14.59
91.32
78.76
73.44
99.27
96.68
93.79
13.00
59.94
53.22
24.23
6.42
15.80
96.14
42.96
79.71
89.00
6.88
4.20
37.19
28.86
65.54
1.23
82.09
14.19
27.83
2.25
93.36
77.49
87.55
7.95
81.13
24.56
35.85
79.50
44.94
75.57
15.93
9.44
52.71
88.28
16.58
38.70
27.36
48.92
9.52
3.23
3.14
27.03
83.34
41.65
63.23
7.90
71.01
77.75
84.52
33.61
86.54
59.90
26.93
42.86
8.71
48.66
72.13
33.04
15.56
65.01
19.70
77.26
59.53
50.16
26.07
50.53
50.57
29.38
15.31
99.11
5.24
91.86
24.59
36.55
99.54
36.49
59.84
90.18
12.21
32.86
81.86
7.44
36.85
5.29
42.07
90.34
28.69
7.94
35.01
89.91
91.02
13.99
36.14
52.63
34.93
12.41
50.59
74.50
76.42
67.35
27.23
27.62
66.54
98.35
29.30
98.80
12.92
15.12
63.34
50.94
39.86
18.37
90.20
71.51
10.24
96.47
13.10
87.76
71.29
50.18
87.77
65.45
73.26
15.92
56.03
50.12
66.52
92.66
72.66
42.48
38.55
50.57
96.21
83.55
82.94
2.21
28.32
21.79
33.13
76.22
24.72
32.50
85.97
58.52
21.52
29.05
37.04
47.72
54.01
81.79
2.46
3.55
26.60
28.30
9.08
13.71
58.80
71.62
86.59
17.78
69.96
28.39
35.21
48.91
57.21
84.68
18.95
80.02
98.58
85.12
36.52
17.31
57.81
98.92
0.48
7.81
99.37
0.84
84.99
0.21
4.46
66.91
17.41
51.10
88.06
50.73
5.27
3.51
7.90
81.22
28.06
24.45
72.38
2.05
95.98
42.81
59.33
25.50
61.74
36.60
89.03
44.20
79.06
2.86
21.27
53.03
42.37
64.11
78.58
42.60
76.16
53.78
32.54
71.67
77.85
79.91
39.13
38.29
87.64
92.91
35.83
39.66
71.56
32.46
44.09
80.57
66.23
20.30
86.50
31.91
84.09
3.93
89.52
52.78
14.93
14.87
19.50
56.22
78.00
83.53
40.90
29.94
21.43
96.87
74.52
97.83
54.01
61.79
26.40
20.16
31.26
93.48
69.16
23.01
25.58
24.39
34.56
1.31
72.85
88.42
89.02
1.88
83.55
87.82
61.06
10.26
61.31
90.21
65.22
58.69
67.59
22.94
27.27
92.52
72.00
49.78
83.81
21.22
90.28
10.69
28.31
78.58
59.37
27.20
62.06
80.10
99.99
65.16
27.05
87.54
90.33
58.03
84.19
22.26
29.27
58.55
51.35
58.93
14.62
81.83
59.72
38.15
50.96
80.01
34.61
42.76
47.45
86.63
30.19
64.91
37.64
53.76
44.22
12.74
59.16
13.24
8.00
56.89
14.01
62.67
43.86
5.31
75.32
95.67
76.33
68.60
17.47
56.31
93.45
50.44
83.15
65.11
91.97
15.93
48.43
46.73
5.43
41.28
20.54
88.70
62.50
94.52
13.79
7.94
14.09
33.02
71.92
49.28
4.46
67.88
94.19
53.17
98.52
32.52
48.72
5.80
85.69
21.65
34.34
91.43
91.53
43.83
45.57
88.00
79.02
82.85
8.44
40.28
81.67
62.87
44.20
78.46
39.57
18.65
73.05
0.09
68.31
87.74
3.58
34.15
23.28
46.71
0.07
74.36
4.54
49.59
21.34
52.83
83.70
35.90
34.31
96.59
53.20
83.46
70.85
44.02
77.63
74.84
47.58
45.60
31.38
91.47
38.98
7.04
6.62
31.91
39.24
79.87
96.32
68.83
45.84
91.03
39.75
24.74
58.67
79.58
85.03
75.08
46.30
51.72
16.73
79.48
50.54
92.13
23.38
87.27
84.37
29.78
72.76
41.17
97.44
96.78
13.57
79.28
43.64
3.93
54.70
89.59
37.01
25.17
2.97
61.58
73.89
56.55
0.24
50.57
72.72
46.64
8.56
4.83
67.60
1.89
22.08
63.30
8.62
36.24
99.19
82.24
56.68
22.81
74.19
55.14
4.03
88.64
29.53
72.63
30.99
79.99
37.19
48.79
19.03
53.89
68.05
40.15
40.28
45.15
8.90
3.75
18.34
72.82
99.97
53.59
1.69
54.81
24.17
85.54
11.83
99.58
17.57
88.89
85.79
51.98
69.39
84.16
37.53
69.59
3.82
81.41
28.05
99.82
32.16
8.20
53.31
55.87
37.03
13.54
19.93
88.56
56.31
14.15
80.22
61.26
38.88
6.20
21.66
28.30
41.94
28.28
27.26
12.76
87.78
76.70
21.89
48.62
84.83
54.99
68.37
99.05
9.72
12.46
39.11
24.58
97.84
34.74
21.09
50.15
38.92
0.03
13.02
78.28
43.10
2.13
32.37
44.98
55.98
77.85
77.84
46.32
11.65
51.17
58.86
44.44
50.59
97.52
6.85
19.96
7.18
32.50
69.23
49.76
56.33
81.08
59.59
67.98
47.74
42.33
72.04
56.31
76.07
72.74
96.25
8.64
94.94
51.95
0.63
78.02
30.61
69.58
3.95
56.52
9.76
69.64
85.23
50.20
57.60
38.80
96.62
84.85
67.82
59.52
56.32
95.61
17.48
16.61
11.05
30.85
54.65
1.43
2.86
80.34
77.75
55.92
99.20
50.03
50.09
99.12
9.87
49.65
56.27
92.25
48.30
87.33
13.53
49.97
91.87
71.33
88.76
33.19
99.26
35.51
47.24
94.40
27.37
66.37
85.40
39.45
99.32
92.45
41.89
90.00
8.37
50.95
72.53
14.79
52.28
52.44
78.50
86.76
42.10
86.26
28.11
20.52
28.45
46.52
43.74
69.78
48.50
31.71
65.54
53.84
13.82
51.00
0.35
55.21
2.45
98.37
76.34
19.43
70.27
94.88
86.87
47.23
35.52
68.63
79.45
88.55
51.51
81.38
51.90
19.89
23.85
14.17
91.32
90.98
90.81
62.79
65.94
30.44
42.29
79.88
82.76
30.96
92.81
88.60
73.48
74.21
8.04
64.23
87.19
82.41
79.62
37.89
22.54
26.72
2.44
10.36
51.94
9.59
58.24
6.05
94.24
16.95
14.00
56.59
70.76
67.27
41.26
86.21
19.75
16.56
58.25
1.03
68.09
12.30
81.05
17.35
70.55
95.75
32.34
56.53
87.32
10.16
97.26
55.61
67.86
59.43
86.69
47.87
60.77
8.27
53.54
21.57
49.78
82.80
66.98
0.94
7.45
33.38
40.48
5.60
44.73
93.82
73.63
46.10
95.39
10.92
37.10
6.48
94.00
58.11
94.33
4.89
55.80
73.46
44.86
85.85
33.07
27.03
10.64
27.06
64.35
9.18
33.60
39.94
51.43
89.27
25.30
36.94
80.48
19.31
45.09
41.05
36.20
66.91
60.78
15.81
49.32
83.17
5.69
31.58
53.71
18.56
52.12
33.47
12.24
62.34
10.89
49.18
51.31
98.32
95.93
42.11
4.77
96.67
46.85
99.68
83.95
83.72
11.27
85.01
99.39
94.34
25.11
44.95
51.88
49.62
24.34
27.04
54.31
93.21
10.28
77.29
53.11
58.14
95.27
5.08
28.69
76.61
96.12
72.22
75.07
15.60
6.36
75.35
92.65
19.20
6.59
87.60
5.30
29.87
63.99
51.32
52.86
68.50
84.15
81.00
5.83
96.61
16.92
22.71
34.94
87.86
27.74
25.03
35.69
77.95
22.30
0.39
53.77
16.46
16.95
10.88
15.76
5.05
5.72
47.48
55.51
55.79
21.49
67.98
73.68
34.11
77.61
7.21
75.91
76.23
10.57
96.22
79.37
19.37
35.58
4.11
55.65
35.75
66.82
52.62
95.82
73.96
7.91
41.02
40.07
18.74
71.19
61.44
61.43
62.28
29.80
27.83
92.14
14.74
70.83
80.03
4.53
84.13
13.34
75.22
42.84
83.01
86.85
2.15
22.26
16.23
48.74
41.77
44.90
96.82
92.34
39.20
44.78
3.47
62.00
2.87
90.19
26.51
12.76
51.48
85.38
99.05
26.79
26.27
39.71
90.79
19.05
69.49
71.25
38.73
14.98
50.60
95.02
90.28
54.72
15.90
41.19
5.78
21.06
50.05
15.93
80.85
39.67
46.09
86.39
64.03
37.41
11.26
36.92
63.20
74.14
14.79
38.10
36.45
24.91
67.59
78.69
50.68
61.70
98.79
20.27
97.09
82.79
81.37
76.84
60.98
45.89
38.59
63.96
66.57
66.61
14.85
74.32
48.49
80.49
22.80
69.75
37.16
30.84
64.71
16.93
96.11
33.36
37.20
17.41
61.05
39.60
62.07
10.77
37.73
94.54
22.63
96.27
34.67
10.40
10.61
14.95
29.57
33.35
3.79
17.49
86.08
93.66
66.97
6.42
38.01
28.76
34.90
59.75
66.12
9.45
2.01
8.35
75.45
17.98
70.94
26.09
83.01
77.96
71.13
52.15
44.40
58.64
84.25
22.87
30.08
79.72
70.74
27.83
84.88
34.92
50.10
35.38
51.52
62.17
48.71
70.96
71.03
17.80
42.51
33.26
65.18
28.44
79.19
58.95
45.41
9.01
84.82
70.59
55.67
32.62
99.43
68.07
15.67
41.96
6.87
0.95
3.72
58.81
63.95
73.05
85.78
65.91
18.41
17.92
7.61
45.58
30.75
37.54
65.33
34.67
7.07
20.93
28.90
59.75
82.95
20.14
95.32
56.01
87.14
48.24
50.90
27.52
8.18
83.46
10.97
56.76
59.09
24.13
14.17
76.99
50.07
69.64
47.64
46.23
46.26
73.53
54.84
78.06
96.63
12.75
95.47
10.93
40.89
84.53
46.32
53.34
39.42
86.89
44.11
18.94
19.06
74.05
4.27
36.02
23.03
4.79
18.04
13.61
91.49
22.41
1.64
68.88
34.19
48.88
17.44
14.75
68.44
52.33
89.94
66.65
19.48
15.92
44.28
7.84
89.45
49.35
13.07
87.66
14.22
70.31
27.10
44.48
1.39
75.80
74.49
28.02
88.97
93.64
30.40
49.64
45.30
84.90
29.71
51.53
59.15
60.59
54.31
80.31
6.02
10.32
31.44
7.22
22.79
0.45
56.39
43.69
9.83
97.89
97.08
58.63
72.14
29.98
46.94
96.95
12.23
43.45
41.90
22.89
51.68
99.46
34.36
56.46
36.37
54.77
86.94
27.69
61.07
50.53
81.25
52.78
68.73
57.53
84.55
70.76
22.33
74.95
5.77
15.52
1.04
89.35
65.13
5.01
19.58
64.78
76.94
20.03
44.67
49.16
4.32
10.10
7.57
78.06
84.51
14.70
91.53
96.46
51.71
59.89
29.94
49.01
69.34
72.69
31.68
81.66
9.72
5.62
11.43
29.89
9.37
74.17
50.64
70.92
50.19
28.51
43.75
87.49
14.65
76.03
27.54
72.28
44.38
23.31
0.68
12.63
17.10
89.99
94.01
77.79
85.02
32.81
12.91
61.61
78.09
19.74
55.23
24.67
28.79
75.65
74.20
49.06
13.98
39.23
72.25
76.64
73.52
21.96
55.35
3.23
14.60
35.50
10.91
90.02
24.10
38.09
21.29
58.82
91.95
59.97
99.38
18.49
71.70
82.87
87.32
18.35
17.68
89.17
32.16
24.71
96.37
12.69
33.47
19.45
54.00
28.47
29.00
69.70
55.82
71.30
83.29
79.40
95.93
47.96
49.97
31.23
52.17
44.27
99.53
73.31
46.15
56.66
24.43
91.17
5.81
53.17
18.90
96.89
79.75
31.94
11.11
97.53
86.72
59.63
85.03
41.83
68.94
60.27
44.64
82.91
88.09
93.39
55.14
59.21
50.18
61.60
49.81
95.39
99.20
2.07
63.74
8.01
59.97
2.29
47.96
88.10
52.30
39.53
8.71
96.24
84.25
49.93
40.68
30.43
84.74
2.34
40.29
50.67
79.68
74.12
81.01
86.13
18.62
34.02
58.56
24.45
44.85
27.81
2.18
91.82
2.45
83.75
79.84
69.59
33.36
12.03
98.98
93.27
10.77
52.78
80.69
32.27
14.09
75.73
40.37
40.33
77.28
77.00
38.53
38.36
34.55
95.69
64.71
33.56
92.39
99.16
38.43
65.58
59.34
8.87
61.87
49.91
94.65
37.80
75.07
86.77
86.77
41.85
55.82
51.38
7.89
61.92
22.91
28.75
54.27
16.41
86.54
69.70
21.72
73.42
16.71
76.33
53.09
72.72
56.00
92.96
35.63
44.68
77.35
27.11
25.04
81.29
12.41
79.49
21.68
80.65
22.22
51.85
74.10
81.90
10.32
35.18
42.47
54.35
79.05
36.43
90.51
99.60
72.11
11.31
43.10
37.59
48.92
60.14
80.12
16.07
41.15
56.75
30.49
67.41
16.52
41.75
85.58
96.77
27.91
42.99
44.13
71.58
42.06
51.95
50.82
78.56
72.88
45.53
16.49
25.87
96.36
23.37
80.57
42.45
50.12
71.43
2.51
57.75
73.24
85.78
99.00
21.75
41.78
75.10
74.53
8.22
94.52
76.44
44.73
70.41
82.43
2.53
54.39
86.16
73.44
86.66
74.03
49.55
93.25
33.06
90.90
13.98
29.92
56.41
87.34
63.88
60.02
51.63
87.04
3.36
87.75
79.57
96.80
81.54
27.69
60.41
0.95
43.96
70.26
64.35
31.05
20.07
77.31
14.77
16.92
62.86
27.28
91.25
49.74
15.35
69.21
84.76
12.36
25.43
2.11
59.97
84.50
87.36
39.70
86.29
87.72
55.22
42.95
92.83
96.55
55.24
88.25
22.14
8.87
90.80
25.52
19.83
65.83
14.82
25.45
97.67
47.40
33.11
1.28
74.60
1.66
85.52
48.13
13.66
43.73
98.66
77.37
0.15
0.13
34.17
3.53
40.16
54.58
47.25
49.36
43.09
2.10
27.21
65.18
0.16
7.43
1.30
43.58
15.56
82.56
95.27
0.17
57.99
15.81
33.97
87.74
10.45
94.96
23.12
79.18
11.53
62.06
79.16
12.71
39.93
35.93
70.43
46.04
18.16
60.54
94.26
35.49
68.99
34.36
30.74
9.74
72.94
61.39
65.61
76.81
47.61
53.96
83.67
23.10
80.86
30.86
28.41
34.18
59.56
96.59
98.96
48.80
13.26
39.59
50.36
74.42
73.35
83.58
89.02
50.32
48.64
39.04
65.29
51.48
58.65
78.96
4.69
86.59
77.59
2.74
37.28
46.58
94.91
83.83
81.64
21.67
19.06
4.96
91.43
52.22
95.78
74.00
58.78
72.53
99.47
81.51
65.97
18.61
56.53
75.99
99.64
45.53
72.37
21.96
17.98
16.46
68.97
82.60
88.91
15.30
57.57
58.42
52.58
63.38
24.89
5.09
58.91
0.15
42.88
91.09
61.79
72.98
20.86
36.51
82.03
23.39
55.74
24.40
43.28
55.85
74.94
3.68
71.58
75.74
82.94
31.10
30.30
41.43
19.24
61.39
32.19
76.11
80.78
44.95
99.33
65.48
42.59
8.71
55.93
77.86
61.13
18.73
33.68
98.40
33.65
73.74
28.56
77.88
46.25
22.66
72.63
23.50
60.81
92.52
47.67
67.47
51.42
67.14
23.58
29.05
18.39
59.69
81.17
17.26
74.48
83.53
11.37
57.98
49.26
36.62
69.47
28.10
92.90
2.88
53.25
43.45
32.56
73.55
81.57
34.49
47.46
25.48
75.53
51.50
96.68
89.01
61.22
64.46
37.00
64.47
62.54
93.19
7.62
18.25
35.72
77.81
17.37
70.90
37.50
79.88
3.89
48.73
94.35
8.75
80.52
23.79
28.15
86.96
90.60
96.50
66.27
48.57
50.65
75.64
84.35
43.57
77.68
84.82
99.74
11.85
15.12
32.71
7.11
18.58
49.94
96.17
61.15
96.92
83.44
74.22
37.41
74.01
11.26
72.28
16.39
99.50
12.74
86.03
96.74
21.74
79.09
31.25
82.87
81.53
41.89
81.89
81.81
81.70
97.92
54.24
44.23
59.37
71.21
62.51
98.41
59.62
93.50
19.42
88.18
19.29
99.18
73.92
82.17
23.22
76.64
14.65
79.91
90.71
99.11
59.37
27.54
15.40
88.52
32.45
67.70
45.74
39.32
51.69
9.69
33.46
9.10
66.23
54.78
29.98
96.62
17.78
27.89
11.40
80.92
70.73
42.02
34.43
48.97
3.53
39.19
0.09
1.06
46.34
85.32
48.59
12.86
95.56
13.19
97.92
20.47
52.59
5.39
35.46
86.53
86.55
86.12
96.44
93.94
85.40
89.72
20.43
24.54
35.54
52.05
93.94
14.70
76.04
47.33
38.34
97.61
3.04
14.06
17.97
83.75
79.62
64.79
64.47
51.28
32.49
51.26
26.19
97.05
45.00
21.82
17.19
72.62
65.36
29.37
13.76
51.61
47.90
89.43
72.48
71.76
27.69
27.99
85.83
32.50
98.81
12.01
30.59
24.36
18.40
17.04
87.64
45.99
18.74
26.91
67.45
84.89
2.68
2.91
16.88
89.13
10.22
43.27
56.12
34.02
82.81
90.78
85.24
28.08
92.98
28.67
6.16
5.14
94.98
82.10
95.79
45.51
71.90
51.62
39.97
87.93
78.16
18.85
10.07
32.90
13.43
40.36
9.48
39.94
83.48
44.76
45.56
58.38
2.22
70.11
17.68
42.26
54.41
73.98
67.71
22.33
1.79
92.84
0.45
70.65
71.54
4.23
94.41
74.82
53.81
45.71
3.23
44.54
12.93
84.93
92.87
21.79
45.19
21.45
24.48
60.52
43.26
8.64
68.56
51.78
22.93
33.38
67.72
1.20
7.07
76.85
88.34
35.82
64.96
26.71
92.43
2.16
66.09
53.60
29.67
7.89
49.69
84.27
82.81
53.36
86.24
84.53
6.49
61.73
85.86
74.17
52.92
58.19
22.26
58.67
32.77
41.12
20.86
87.15
85.62
2.74
83.39
60.81
47.93
59.33
76.38
60.49
1.53
64.95
29.10
98.68
75.95
31.89
66.81
73.55
30.33
55.46
47.93
42.69
53.29
92.08
80.48
5.88
12.41
55.65
50.17
84.25
47.38
37.02
78.93
63.62
71.19
80.98
30.97
63.39
5.72
30.45
23.13
22.06
28.72
21.17
6.77
22.43
90.15
94.83
6.59
2.09
14.70
11.21
9.06
98.25
28.10
29.66
9.56
56.24
36.56
93.91
43.12
95.00
80.79
99.11
48.09
2.34
28.34
44.36
72.51
43.37
39.39
50.45
69.96
62.14
2.16
3.25
60.39
66.58
71.95
7.63
90.12
17.30
42.25
28.26
43.30
12.34
15.66
98.07
63.55
15.60
15.24
85.51
32.82
40.49
80.71
1.25
90.56
96.37
52.09
59.22
95.30
63.68
7.51
40.65
74.88
44.66
23.39
53.97
12.23
84.85
32.78
96.30
71.48
10.54
78.31
88.25
47.22
26.87
19.00
43.69
72.40
3.98
60.23
52.49
11.45
42.40
46.71
55.19
24.02
55.51
31.61
5.44
27.84
1.36
49.17
10.24
38.59
25.95
29.17
48.01
23.90
3.67
48.48
69.75
99.08
62.49
44.50
40.02
68.03
88.92
7.07
56.81
92.20
82.88
52.23
51.03
12.80
67.62
0.81
19.55
95.75
34.40
64.92
0.03
72.32
46.30
89.87
75.64
57.41
