60.47
62.81
24.89
2.19
64.47
28.33
22.62
75.48
96.37
5.14
72.10
1.80
30.69
42.84
27.39
92.64
71.01
29.23
90.92
73.40
9.64
32.63
99.24
39.16
18.90
54.62
98.32
59.58
89.49
44.46
74.92
92.78
63.15
28.25
45.47
44.49
23.20
71.64
12.28
34.29
42.99
18.64
66.30
27.68
5.14
99.25
48.26
93.55
28.47
24.25
99.31
97.37
26.90
6.46
63.11
40.40
74.71
32.76
1.52
35.79
11.73
86.31
1.99
85.15
94.28
62.38
69.43
50.17
15.43
47.89
46.13
64.94
57.82
53.35
12.50
33.72
71.73
44.00
95.47
0.35
91.18
51.19
34.11
21.19
12.73
25.02
72.17
32.65
53.29
62.27
77.95
92.48
88.98
27.20
53.72
42.05
53.09
85.74
45.97
7.01
91.55
67.09
55.04
97.10
46.76
62.06
77.58
84.60
2.75
82.66
70.88
5.83
40.81
77.70
41.59
42.09
20.49
2.56
90.44
58.47
41.75
38.95
42.67
28.52
25.13
54.06
65.30
3.74
49.71
89.96
5.01
84.15
72.28
78.65
32.49
75.54
47.77
99.56
63.97
75.88
76.47
23.87
42.61
25.92
8.45
63.54
70.80
7.54
72.84
52.62
96.22
3.63
62.27
31.88
4.83
22.78
68.70
56.79
77.35
81.83
70.81
10.77
31.92
37.04
12.53
8.50
42.20
39.29
24.74
91.94
85.54
33.31
87.17
93.63
52.50
71.32
12.35
17.99
62.51
39.58
66.99
92.03
56.54
33.92
16.77
57.83
29.49
77.06
72.12
50.40
92.27
11.38
99.65
3.17
23.78
24.40
40.49
86.26
62.77
40.13
59.47
80.00
4.75
62.86
41.90
22.47
60.30
15.76
32.85
20.89
29.82
26.68
25.55
59.58
54.19
85.59
85.79
24.25
71.83
82.88
93.06
46.38
14.43
12.12
31.41
62.93
14.65
27.11
73.71
65.20
64.01
23.61
53.24
36.77
76.80
45.61
59.03
76.20
39.83
90.08
88.18
20.27
80.15
27.54
8.76
61.26
14.41
48.68
60.99
22.92
20.06
46.34
4.95
26.18
33.00
1.58
15.77
3.93
73.73
18.74
14.85
92.27
1.39
69.29
7.75
15.00
57.85
29.13
53.65
69.99
86.96
7.62
88.11
33.83
75.34
22.70
33.03
26.18
50.45
44.36
23.13
91.04
78.38
19.58
8.11
44.88
97.30
52.71
16.90
65.47
26.08
5.90
33.11
43.38
20.04
12.69
88.57
20.36
60.56
9.48
99.73
31.29
86.99
41.44
95.92
23.68
44.69
14.57
39.48
70.25
29.44
90.33
5.35
42.22
45.45
53.76
29.40
30.50
86.89
52.11
43.11
6.06
17.88
2.39
2.33
82.45
63.36
77.32
80.56
76.61
86.36
37.88
65.49
18.38
87.71
32.45
79.48
4.23
71.58
94.48
81.01
57.60
10.78
61.66
31.13
46.26
35.82
59.36
7.98
62.94
33.26
71.93
90.02
1.66
13.02
26.57
24.37
91.88
50.27
67.67
70.48
77.40
54.43
64.15
6.14
13.31
9.71
50.36
89.71
83.81
90.66
26.47
58.38
92.00
25.04
43.36
31.35
73.18
60.10
71.84
93.06
46.96
62.84
34.78
13.23
58.95
50.77
39.82
25.69
15.35
10.56
6.87
26.85
40.58
54.81
85.73
42.83
39.23
23.38
80.55
71.26
88.65
96.97
24.67
75.89
70.03
92.08
23.99
7.54
44.15
82.17
51.13
60.44
22.63
40.82
8.90
6.75
60.88
28.17
57.03
31.09
83.74
69.81
85.75
89.77
8.53
69.35
27.83
47.05
47.38
59.82
58.11
8.76
59.77
16.38
94.83
95.90
88.81
53.27
12.45
57.29
44.58
29.77
25.39
56.75
19.33
32.05
20.75
44.79
97.79
25.35
10.41
77.63
39.51
80.01
68.91
11.59
98.88
62.21
78.92
89.34
73.11
5.14
62.71
42.54
78.07
0.62
99.87
53.97
72.35
54.64
47.32
75.97
85.29
85.09
17.31
67.27
8.62
45.92
8.79
5.96
69.99
51.98
66.48
72.11
66.67
53.27
8.97
11.84
28.90
15.19
59.21
12.66
40.42
52.97
4.38
4.95
69.77
74.42
5.00
6.03
72.36
91.97
10.76
3.23
4.78
33.20
22.92
50.25
46.49
27.75
15.61
29.71
15.36
70.74
60.71
9.61
74.72
57.59
35.76
14.78
39.43
16.76
68.68
86.20
66.37
27.42
91.94
56.79
8.66
22.04
63.09
23.71
7.29
22.95
93.88
55.84
12.37
77.59
81.19
93.50
12.10
84.71
4.52
49.95
30.77
81.89
97.93
18.88
20.86
93.78
40.39
33.46
37.22
83.83
45.95
7.69
89.18
9.73
88.51
52.80
66.74
43.06
58.54
4.31
4.55
47.65
0.10
76.89
16.42
25.75
72.36
64.85
41.12
97.99
84.29
2.56
75.56
56.01
22.59
97.66
54.07
87.56
49.22
3.78
54.15
52.52
79.79
78.97
33.22
53.11
83.60
32.45
66.78
61.70
47.89
17.42
72.71
23.95
14.09
84.39
58.70
89.82
28.15
72.92
54.20
75.29
18.97
41.12
97.21
16.41
2.67
95.60
48.79
66.50
34.14
10.73
32.27
7.41
86.38
95.51
22.90
86.50
70.59
71.97
93.00
87.20
33.25
38.30
74.56
92.67
6.93
68.61
38.69
12.64
60.19
65.48
20.03
62.74
17.58
54.33
78.14
15.85
25.50
85.66
97.98
70.32
57.44
66.49
92.89
31.61
81.64
0.33
74.91
61.54
46.51
86.51
25.93
43.07
63.50
69.63
54.97
64.95
49.51
72.87
49.53
94.00
78.34
9.36
31.41
65.59
75.48
9.18
94.20
63.90
29.92
0.76
37.37
2.00
55.65
42.76
81.95
50.67
57.28
65.97
82.69
49.32
9.80
9.41
55.18
91.69
6.50
73.62
55.20
16.60
10.21
62.71
61.83
69.04
94.55
53.46
65.94
40.58
10.12
79.84
14.50
64.84
15.01
14.84
97.40
40.42
0.31
76.55
10.30
60.93
71.48
82.82
28.32
67.27
28.26
30.10
24.48
3.17
72.79
45.19
1.10
75.44
12.03
82.06
65.06
3.44
6.12
97.33
96.38
90.85
23.01
12.46
98.41
61.22
27.45
71.65
32.02
1.35
46.27
42.20
42.67
31.69
13.34
34.98
78.42
41.42
6.15
42.75
71.49
67.21
61.40
96.47
81.33
53.76
49.96
16.31
61.53
73.18
85.62
