5.32
27.77
88.93
11.35
28.59
48.95
60.12
21.77
1.38
63.86
51.09
31.44
4.73
60.13
3.27
58.21
84.30
78.78
19.09
83.30
90.27
57.69
24.74
78.67
31.03
94.06
48.39
0.33
90.57
59.83
34.23
83.76
26.34
30.95
22.57
31.77
25.35
69.49
7.68
36.89
85.19
63.66
46.72
89.29
73.72
45.74
27.93
36.95
54.33
41.93
9.79
50.73
14.11
64.98
20.89
96.05
32.49
71.97
26.83
32.11
9.66
34.73
15.66
22.80
73.63
52.08
70.91
1.63
57.45
23.93
13.28
13.22
78.40
12.97
58.81
26.00
66.72
22.25
66.27
83.67
75.87
40.38
78.33
13.94
66.23
79.02
41.24
49.88
93.87
22.25
4.05
55.11
45.92
70.19
38.70
38.92
22.69
78.58
16.69
31.58
51.59
39.05
77.11
21.42
73.47
68.80
30.48
58.77
61.85
16.65
79.61
65.35
71.15
50.36
51.14
96.89
15.47
67.41
20.31
54.25
16.02
56.62
41.04
74.78
85.94
55.96
36.55
48.31
97.90
9.10
7.87
5.66
78.92
72.25
92.21
56.78
94.21
88.93
55.18
73.70
98.28
13.97
39.74
95.09
37.74
6.33
48.08
