14.88
8.67
57.03
54.76
50.51
19.84
87.29
18.39
70.70
25.29
87.65
24.14
46.19
36.74
39.32
96.60
58.16
36.72
32.04
15.05
30.53
63.64
69.05
37.06
22.95
97.63
88.46
85.78
36.35
42.13
97.19
20.35
6.78
30.81
55.14
18.69
22.77
90.13
85.23
3.71
92.25
13.72
80.88
25.90
84.92
64.20
92.55
26.06
35.79
48.66
95.43
2.66
92.95
27.31
98.22
17.74
76.91
53.89
94.33
57.73
37.74
17.05
15.43
62.73
54.60
79.44
21.03
64.85
76.52
16.24
46.41
74.64
26.75
92.88
17.15
59.49
56.25
55.62
1.56
25.31
76.45
25.73
84.72
87.18
39.29
77.95
1.37
17.54
16.23
76.37
6.03
92.67
67.78
93.17
5.34
14.52
91.16
6.59
85.23
4.07
2.79
18.17
3.06
32.23
49.77
62.18
70.34
68.38
5.39
71.47
57.01
17.80
50.31
59.24
55.21
20.75
92.33
34.28
95.61
94.91
63.59
72.63
15.85
63.12
89.18
50.12
82.80
98.50
58.54
33.04
93.16
9.67
0.08
64.82
85.61
11.51
53.68
65.52
41.81
73.95
4.99
53.45
59.27
48.03
92.58
97.42
58.67
67.81
72.15
66.98
43.90
83.94
40.44
18.09
29.05
57.36
13.04
61.69
4.19
16.05
46.75
63.68
52.14
75.45
0.71
31.70
9.29
47.56
64.24
61.24
15.22
61.51
31.20
44.24
94.03
48.45
87.55
63.11
40.19
9.33
23.73
19.37
46.49
41.52
37.24
68.71
1.96
86.15
91.51
86.27
93.72
79.61
73.27
49.26
23.80
44.76
88.48
63.86
89.71
49.49
44.39
0.02
55.13
30.58
14.29
46.10
96.88
48.91
21.22
72.66
75.13
77.92
12.78
80.29
79.29
71.69
39.51
63.34
69.80
16.63
74.84
18.88
75.02
62.27
32.40
56.18
31.93
1.01
38.32
37.30
49.86
66.64
90.29
32.89
24.45
37.41
33.92
53.56
2.84
11.89
3.84
37.02
16.39
61.67
24.38
73.47
52.38
46.80
36.22
11.41
21.99
74.75
80.66
0.64
85.40
57.19
78.03
45.82
8.07
52.67
29.02
21.47
28.06
68.90
78.39
17.52
92.38
21.09
77.29
93.50
49.55
35.10
69.04
99.27
88.47
95.04
88.38
55.76
43.90
24.94
63.78
33.21
41.16
5.91
18.05
65.04
59.15
62.09
31.59
