5.32
27.77
88.93
11.35
28.59
48.95
60.12
21.77
1.38
63.86
51.09
31.44
4.73
60.13
3.27
58.21
84.30
78.78
19.09
83.30
90.27
57.69
24.74
78.67
31.03
94.06
48.39
0.33
90.57
59.83
34.23
83.76
26.34
30.95
22.57
31.77
25.35
69.49
7.68
36.89
85.19
63.66
46.72
89.29
73.72
45.74
27.93
36.95
54.33
41.93
9.79
50.73
14.11
64.98
20.89
96.05
32.49
71.97
26.83
32.11
9.66
34.73
15.66
22.80
73.63
52.08
70.91
1.63
57.45
23.93
13.28
13.22
78.40
12.97
58.81
26.00
66.72
22.25
66.27
83.67
75.87
40.38
78.33
13.94
66.23
79.02
41.24
49.88
93.87
22.25
4.05
55.11
45.92
70.19
38.70
38.92
22.69
78.58
16.69
31.58
51.59
39.05
77.11
21.42
73.47
68.80
30.48
58.77
61.85
16.65
79.61
65.35
71.15
50.36
51.14
96.89
15.47
67.41
20.31
54.25
16.02
56.62
41.04
74.78
85.94
55.96
36.55
48.31
97.90
9.10
7.87
5.66
78.92
72.25
92.21
56.78
94.21
88.93
55.18
73.70
98.28
13.97
39.74
95.09
37.74
6.33
48.08
11.35
37.19
27.73
57.86
2.00
25.86
22.61
92.96
71.46
98.78
36.90
6.27
1.17
42.59
90.37
86.20
92.88
20.49
92.06
69.76
69.63
11.64
61.17
42.76
35.81
60.54
37.14
19.58
34.33
72.55
9.80
50.21
81.19
52.86
31.98
49.50
77.51
20.75
92.13
47.77
79.76
36.83
4.57
78.18
59.17
21.62
20.42
65.43
89.84
14.74
44.52
57.11
9.12
68.91
95.15
55.81
19.47
50.73
91.90
34.29
19.53
97.79
43.85
87.43
61.48
84.49
5.96
82.95
80.96
82.25
22.63
32.40
79.58
76.73
59.73
63.50
64.72
24.48
31.91
20.16
35.59
64.51
19.58
55.40
8.39
99.64
58.48
30.97
75.72
20.04
18.58
89.26
36.83
32.73
92.29
24.71
76.17
86.66
8.06
58.09
27.04
0.81
81.44
4.68
10.26
16.88
65.90
18.92
23.44
17.06
59.66
55.86
62.33
27.86
57.30
87.65
9.71
17.94
5.05
22.91
36.62
83.48
56.87
68.07
28.27
23.72
26.03
18.09
32.41
29.60
61.88
38.23
10.03
18.84
3.98
94.95
57.45
37.33
16.30
51.06
56.70
99.25
33.41
71.49
62.98
97.40
96.81
40.47
32.88
77.48
72.27
69.24
92.47
37.21
46.23
55.25
39.85
88.59
2.55
39.33
22.74
21.41
64.05
55.81
11.19
86.43
78.27
20.94
62.56
24.27
15.01
90.92
86.69
85.71
5.96
93.86
24.74
22.21
62.57
92.44
31.29
27.28
70.22
99.81
49.62
73.09
76.71
9.07
33.98
43.10
19.41
97.36
52.37
19.51
77.47
15.81
56.97
75.89
95.96
4.65
59.59
51.95
46.33
5.17
76.64
40.69
31.77
42.77
2.39
62.41
49.96
41.67
80.00
78.28
21.07
24.95
39.97
31.58
6.15
38.10
81.11
10.38
96.18
37.47
51.97
10.45
46.23
47.91
47.17
92.60
3.59
83.07
45.60
33.35
74.93
9.42
40.94
40.10
81.05
3.15
89.16
1.68
62.59
96.49
10.53
76.71
3.81
95.00
89.02
38.21
72.24
39.40
22.02
30.92
60.93
9.06
89.29
6.41
46.88
99.49
1.56
22.47
28.65
49.59
4.27
38.56
82.19
14.46
66.41
26.31
86.10
20.72
56.92
66.86
96.18
46.24
17.00
17.83
35.45
71.69
25.71
93.84
35.31
22.17
44.96
45.38
11.44
64.85
59.06
76.26
38.88
32.39
51.94
19.80
97.79
3.77
95.65
59.41
32.30
74.43
62.19
3.09
56.50
93.89
17.19
64.86
39.57
32.27
94.06
15.39
43.21
44.74
81.28
43.26
59.99
95.47
12.48
20.12
91.01
2.28
29.74
89.03
5.94
54.07
12.31
41.06
90.78
75.24
79.83
46.36
7.63
87.30
34.40
93.04
16.10
14.44
86.01
21.41
74.38
9.88
24.72
4.27
98.86
78.73
40.63
47.04
46.76
46.54
83.24
25.56
57.96
32.77
91.39
47.60
68.07
41.10
96.88
2.06
99.65
11.89
18.67
88.67
78.71
71.71
61.85
57.23
55.98
75.99
16.37
61.69
0.65
3.50
36.06
95.52
96.03
72.56
43.69
6.96
55.16
80.76
8.15
33.71
12.32
14.55
45.88
92.21
88.86
78.64
8.55
88.92
9.57
43.11
40.93
93.21
19.12
48.02
96.41
37.45
62.24
16.26
54.41
5.16
76.62
19.36
63.46
58.41
79.39
67.59
22.61
19.22
17.14
19.60
54.28
9.70
30.74
23.70
1.70
78.13
27.34
1.54
40.12
22.70
77.63
11.71
30.25
1.78
64.09
22.49
61.37
96.27
30.03
56.36
97.91
78.91
54.05
59.83
73.70
97.47
92.37
81.90
76.30
37.98
82.01
65.22
10.04
47.35
86.71
22.88
78.99
28.87
83.96
98.77
32.49
26.49
69.48
85.48
56.60
28.86
60.57
71.65
33.07
16.98
64.42
89.24
39.37
49.78
80.15
0.38
33.17
84.90
62.03
87.97
44.11
27.26
30.35
98.08
17.90
99.07
8.18
81.11
90.24
55.88
54.20
25.07
39.53
85.11
99.03
79.69
95.67
11.82
80.54
2.36
46.09
78.97
22.92
53.22
50.19
2.03
75.99
62.37
71.13
88.64
76.22
56.38
61.22
60.83
19.27
33.23
17.17
89.90
24.45
89.80
52.20
65.51
20.82
73.53
63.38
17.60
64.54
49.66
14.54
27.89
90.47
98.59
96.01
91.31
16.42
8.97
75.85
44.21
3.90
83.21
74.26
17.71
97.40
16.48
44.34
52.39
15.64
45.09
73.70
93.53
43.83
57.56
54.59
32.20
30.19
64.30
45.45
23.80
18.04
77.56
60.87
40.77
55.48
90.96
66.84
44.74
9.90
98.69
31.79
63.96
52.95
11.16
56.69
40.03
45.80
41.84
23.34
42.12
73.18
96.07
43.35
95.40
78.28
66.00
45.03
62.79
33.05
93.40
25.08
7.92
82.32
92.26
95.08
79.89
27.62
73.76
30.57
31.31
13.54
20.23
7.17
38.94
20.30
23.77
61.96
54.28
30.63
52.86
38.43
81.51
98.35
78.48
37.13
19.77
58.18
27.17
66.66
13.07
7.40
90.95
97.96
41.69
48.70
63.92
99.28
22.96
97.98
11.60
60.84
34.60
96.14
40.80
34.73
58.50
27.43
36.04
6.57
66.81
48.47
85.18
78.50
42.89
27.40
18.20
85.05
63.72
47.60
10.21
98.87
32.20
89.50
50.04
1.79
35.46
59.55
31.15
90.18
28.26
76.34
33.82
92.05
38.43
38.42
50.77
41.71
24.64
44.21
22.39
33.41
63.78
97.15
94.51
80.40
32.06
36.12
47.01
37.54
20.05
19.06
73.85
24.94
68.52
73.41
54.96
25.78
4.92
39.09
65.72
35.70
65.34
63.65
19.17
0.74
35.38
55.05
5.52
68.61
51.50
42.25
30.41
47.59
65.46
3.04
45.48
76.18
25.07
44.17
77.98
70.49
72.47
11.43
46.82
78.92
86.89
46.27
3.80
8.87
72.49
9.55
37.80
60.15
37.33
3.01
25.34
58.66
67.91
16.71
6.66
34.21
50.39
76.28
6.52
95.65
87.19
1.82
1.98
94.83
60.26
40.80
89.05
98.65
55.47
43.94
23.45
10.89
41.88
80.65
19.53
64.19
78.61
65.42
88.08
49.96
1.03
97.71
99.05
83.14
1.59
22.31
42.07
27.37
78.30
90.86
20.35
37.50
65.84
94.85
13.03
6.28
25.36
34.01
61.90
97.15
45.31
81.55
40.48
19.65
15.44
72.11
44.87
41.42
34.29
56.26
55.34
3.16
15.91
20.75
63.49
85.33
60.68
3.11
83.87
23.42
93.54
48.96
0.53
56.84
6.39
94.31
59.10
55.56
83.57
61.79
71.51
52.83
96.42
23.10
70.50
55.94
87.95
23.80
40.60
13.35
54.18
48.96
42.14
16.62
66.25
3.43
26.53
77.57
44.07
83.51
23.88
92.48
11.94
55.37
35.78
43.56
20.37
94.27
94.87
25.37
90.75
97.06
92.85
78.39
16.34
55.47
74.95
26.08
7.49
59.22
80.99
22.30
85.86
71.25
84.41
81.00
9.36
90.46
31.92
74.45
64.81
88.35
98.05
47.11
82.41
28.91
97.59
57.99
60.92
35.20
52.48
93.33
99.69
83.19
25.43
94.76
59.89
21.81
19.43
3.85
53.63
97.39
77.07
97.12
58.87
35.10
31.19
35.36
58.22
32.87
77.64
2.54
83.48
58.71
26.79
6.68
95.47
38.42
88.28
64.48
45.39
95.55
36.30
43.28
60.12
9.02
76.23
27.77
54.02
6.44
76.77
94.79
34.54
46.06
78.67
18.01
20.71
56.66
20.37
67.47
60.67
55.16
19.17
49.90
54.19
78.97
82.40
99.35
56.76
97.85
36.32
58.77
95.89
99.76
42.66
6.27
49.85
80.98
90.29
8.63
98.67
55.33
77.60
4.91
29.88
60.61
64.44
90.67
27.11
32.02
4.47
69.27
59.51
15.32
26.90
70.26
58.18
77.48
8.75
7.39
64.72
60.85
56.70
45.89
27.90
61.95
74.86
8.22
62.98
96.15
36.36
15.92
51.59
32.22
47.45
67.44
84.12
70.45
10.32
17.97
88.58
40.84
78.26
63.96
23.47
74.03
78.96
62.71
29.94
80.77
70.20
84.66
59.79
99.42
52.31
37.26
68.68
83.89
48.33
42.58
25.25
79.02
27.75
96.65
15.61
44.75
81.53
59.94
70.41
18.87
32.92
6.41
15.59
37.99
28.47
49.15
71.14
51.11
58.16
32.83
53.04
72.18
90.27
20.09
29.52
36.81
23.10
97.86
28.98
3.97
30.38
20.23
95.47
45.05
35.31
32.92
78.11
39.28
84.75
76.94
80.85
18.41
34.04
94.39
27.38
59.37
14.21
95.61
74.50
15.66
8.47
43.15
78.30
5.19
48.58
52.58
45.15
91.05
49.20
33.92
95.83
0.37
57.85
61.02
27.24
47.92
8.40
0.43
45.55
11.94
53.08
52.79
75.34
0.66
75.72
10.42
12.37
80.29
83.35
77.61
75.76
43.05
55.15
12.56
97.86
27.41
2.19
63.42
54.31
80.42
46.09
33.44
69.07
99.64
64.70
82.30
47.20
32.23
68.18
28.28
36.64
1.82
3.74
64.26
28.71
39.35
91.25
34.09
89.47
73.04
38.46
10.59
55.76
94.18
3.01
89.97
97.88
43.95
18.09
80.62
92.94
7.71
85.42
28.37
48.91
61.90
22.16
62.96
54.28
6.60
59.73
47.71
53.38
73.42
46.59
12.58
23.03
68.42
78.40
18.12
2.01
84.96
98.21
53.97
37.76
83.20
5.95
99.59
48.08
21.45
86.84
48.81
55.93
30.49
23.05
59.66
56.55
49.88
15.58
69.46
5.68
3.09
83.60
38.89
24.25
13.69
1.73
6.35
57.24
82.77
34.70
56.34
45.75
71.94
0.95
19.31
13.19
57.81
70.59
5.93
36.12
53.11
69.24
43.20
29.12
92.14
35.84
52.57
78.49
87.84
12.11
33.79
56.87
27.49
28.72
93.37
20.66
19.53
95.13
47.62
63.23
33.60
52.76
38.37
1.47
34.08
19.54
18.24
48.93
94.18
72.32
14.14
32.78
15.03
82.48
74.91
56.22
83.97
58.00
66.11
56.82
72.06
67.94
75.49
6.30
13.14
35.89
20.45
77.43
81.74
72.49
27.64
3.00
77.00
6.57
27.13
10.85
9.23
63.44
32.73
22.73
65.54
57.11
67.90
88.70
28.59
45.17
54.22
47.36
73.33
79.80
28.03
28.54
99.30
9.28
75.74
58.05
17.34
29.25
23.65
5.41
85.84
40.29
38.91
51.91
39.85
33.96
53.20
93.09
69.33
18.16
33.01
77.69
82.19
74.23
55.95
92.92
26.08
3.48
23.14
3.68
49.57
86.48
34.88
58.40
88.23
88.35
19.94
37.48
43.33
74.10
59.77
55.29
80.25
63.79
16.80
31.97
12.38
48.50
74.52
23.42
90.00
27.69
68.90
64.68
30.56
48.50
40.97
44.91
21.44
90.53
53.93
48.89
69.84
87.51
97.59
99.74
22.59
20.74
57.35
63.10
99.27
41.11
93.06
58.96
36.95
75.30
42.60
44.53
81.98
72.04
83.55
90.33
79.20
12.96
89.18
39.54
46.10
45.42
0.06
19.06
78.42
89.15
46.49
95.66
0.59
88.39
0.22
25.05
76.44
97.58
40.73
46.46
18.16
13.33
82.61
16.46
36.04
67.86
12.50
64.87
34.50
66.49
64.21
90.51
94.53
13.87
30.06
8.56
34.22
11.34
80.70
16.16
45.92
34.58
1.82
96.02
4.51
15.34
30.88
68.38
73.53
76.30
95.77
59.48
10.05
2.75
67.20
69.26
89.20
60.71
45.71
63.69
30.14
16.47
84.79
33.39
91.82
99.78
28.51
69.33
61.58
67.45
53.51
3.74
38.85
30.89
58.75
97.49
88.60
8.81
20.36
1.49
53.21
75.78
11.18
48.03
76.40
48.17
71.53
42.86
82.83
87.59
1.86
72.59
40.72
24.26
75.11
67.11
53.97
48.28
21.04
66.97
67.86
52.56
65.61
54.78
66.88
18.01
94.55
83.58
36.46
48.54
46.23
4.85
70.57
23.16
9.09
39.56
26.77
17.95
29.63
35.85
45.44
58.40
82.17
0.44
64.71
7.24
31.12
59.78
19.41
17.26
97.68
62.84
30.18
20.15
17.94
64.52
79.61
61.40
42.86
37.84
49.71
97.03
78.11
62.76
98.12
20.05
78.85
15.84
35.41
74.81
61.17
62.89
1.73
61.82
42.18
49.41
85.72
53.61
49.25
67.91
92.39
45.50
78.14
75.95
20.68
88.45
40.42
98.43
15.85
53.95
74.23
62.49
18.68
20.97
52.42
36.22
73.48
39.36
48.11
89.94
46.78
28.85
77.75
9.16
54.07
98.50
4.22
16.39
54.18
53.23
53.02
5.35
61.84
46.86
63.98
91.86
73.86
99.45
3.51
85.66
59.53
58.14
87.40
99.51
64.93
90.56
27.06
86.20
69.83
26.38
8.76
43.51
76.30
80.56
47.44
95.73
21.11
37.19
53.49
20.97
50.30
54.48
41.18
68.56
28.73
31.17
96.05
6.61
97.10
47.22
40.38
83.43
24.94
3.87
39.88
63.11
90.46
8.44
46.39
91.09
99.37
49.89
48.30
2.88
30.42
69.11
52.89
84.93
29.91
15.03
42.43
10.79
37.42
53.78
16.13
33.00
29.96
27.15
62.42
33.95
33.93
68.66
57.54
86.76
77.62
70.41
41.91
45.97
27.88
5.34
48.67
97.07
21.96
53.58
28.28
87.92
31.58
19.03
46.51
28.12
28.87
83.80
67.55
5.97
22.74
0.63
97.18
22.00
19.19
23.36
29.71
78.65
2.74
67.63
84.96
7.41
38.66
48.79
69.01
60.42
37.43
29.11
24.22
39.50
73.54
20.86
8.21
33.79
24.12
43.61
58.97
73.97
47.63
49.96
82.40
87.87
26.50
32.82
2.79
68.75
73.15
17.05
1.78
29.16
13.52
69.21
21.37
86.89
2.26
39.45
48.13
13.58
24.89
34.26
47.70
21.29
34.87
28.32
96.30
75.10
1.39
38.39
43.11
1.23
1.88
51.02
23.33
42.06
64.99
48.73
60.28
47.02
41.01
37.45
46.71
77.80
84.23
2.48
13.10
62.22
83.54
46.47
80.05
73.60
45.25
7.29
92.20
83.42
3.39
0.18
60.19
79.36
8.15
75.58
59.49
86.63
81.64
16.29
34.66
46.12
85.19
3.78
42.53
2.98
79.54
76.89
9.10
81.70
8.30
12.44
78.76
51.09
9.99
45.82
25.25
6.96
49.74
43.02
99.26
98.33
25.90
67.83
24.25
59.90
46.46
75.12
43.18
55.60
47.30
73.36
41.84
32.01
36.31
93.92
14.99
29.21
50.53
20.40
26.87
37.72
76.90
16.08
4.98
47.83
17.76
78.27
18.37
67.12
92.14
39.65
68.92
69.21
75.09
37.57
51.54
15.44
29.04
14.47
11.23
91.06
93.13
84.08
12.39
65.23
57.31
66.76
88.29
28.75
8.50
56.24
65.20
37.60
86.83
60.62
70.43
18.47
81.16
32.83
28.62
59.66
76.38
36.88
75.31
96.21
50.84
27.09
3.90
72.11
53.17
89.95
74.54
90.55
36.33
93.69
15.01
41.31
17.39
90.45
64.43
95.17
93.07
51.31
86.14
29.69
71.14
70.64
5.67
94.03
48.16
56.27
0.66
69.27
52.34
49.67
60.40
28.67
79.82
82.79
36.59
33.41
83.75
46.32
92.77
83.06
96.59
19.55
68.70
34.82
90.93
85.18
94.76
72.67
68.97
3.38
89.26
94.25
2.73
98.72
22.81
0.45
2.04
11.71
74.02
47.60
55.97
24.62
85.01
42.21
21.65
9.21
63.39
55.55
22.10
3.29
60.71
23.95
28.39
30.49
56.27
26.80
27.67
23.42
39.13
98.85
92.03
17.05
88.14
60.70
0.93
32.76
58.28
96.94
76.39
17.83
83.08
75.66
3.06
51.02
10.86
63.66
65.90
42.47
15.27
45.74
87.52
98.59
75.85
63.57
89.24
80.36
83.85
80.40
67.46
38.27
30.40
23.69
30.34
58.17
76.47
41.72
79.70
68.13
22.95
12.32
80.49
91.85
48.84
12.89
52.27
13.44
1.67
25.84
4.67
3.46
88.90
11.50
5.07
92.36
2.02
31.38
86.27
99.28
86.66
11.48
17.47
73.61
34.75
41.46
80.13
74.10
50.57
8.93
93.44
65.74
80.35
40.52
82.46
95.53
43.50
3.97
86.57
9.97
62.96
81.31
16.70
54.59
26.91
40.10
45.06
44.77
48.56
54.91
71.44
3.00
98.11
82.07
12.44
6.26
81.42
4.26
7.17
89.21
85.42
31.21
82.67
89.69
67.32
26.50
25.13
23.53
83.46
90.80
78.95
7.47
47.38
20.25
60.97
58.92
22.66
50.11
82.64
80.37
20.47
52.06
5.64
24.60
37.67
69.83
23.12
10.48
4.76
7.18
21.30
85.09
58.28
6.18
26.20
51.36
40.76
71.12
72.26
91.96
60.47
74.77
19.76
67.24
74.93
44.24
68.94
83.36
26.82
73.45
14.06
12.41
68.04
25.93
44.07
40.53
78.80
78.31
20.72
12.47
49.04
44.90
8.31
23.40
37.15
6.40
78.02
21.59
83.39
53.77
12.83
62.96
78.65
62.40
34.17
81.16
59.75
57.72
35.57
83.00
18.09
0.48
7.99
91.30
72.09
39.52
14.23
37.56
12.32
91.20
21.72
19.57
54.79
4.11
89.67
83.74
28.70
67.67
91.38
51.90
3.34
19.84
64.82
61.75
15.38
87.27
14.81
0.74
36.20
18.44
69.85
97.14
27.50
19.67
62.49
52.32
43.84
26.07
56.12
22.27
38.33
84.82
62.06
23.31
