87.81
20.41
16.64
45.96
41.16
80.72
54.08
50.63
85.47
61.94
30.20
44.12
54.86
36.90
84.18
55.73
46.71
31.78
8.33
55.78
49.86
63.11
77.75
6.97
73.71
37.42
46.04
99.73
84.11
10.20
47.34
21.49
66.54
74.23
73.04
5.19
52.92
37.45
66.20
17.34
36.50
99.42
69.10
39.59
86.21
20.41
77.31
54.99
97.72
83.09
59.58
46.67
86.45
52.24
10.03
16.89
53.94
93.67
33.38
86.86
49.08
20.75
90.23
40.68
19.33
37.13
33.76
78.80
81.47
71.98
72.75
18.66
30.15
81.78
86.92
79.23
98.07
59.93
30.10
19.26
58.27
98.84
68.28
91.41
33.96
78.79
37.94
35.30
48.62
32.18
63.80
0.01
89.61
25.40
22.68
11.84
62.98
10.90
5.41
25.18
91.99
90.54
14.83
53.31
45.98
91.25
81.26
43.97
86.61
39.47
67.03
86.79
94.48
29.27
85.48
87.61
71.00
97.90
24.15
24.91
86.33
13.94
93.35
73.76
88.43
51.43
29.16
47.03
64.64
33.99
97.49
50.70
39.97
45.29
23.10
11.82
45.31
33.25
25.71
76.01
65.98
31.98
46.69
62.53
92.26
91.88
31.11
1.83
65.36
72.89
72.68
34.23
80.63
93.65
1.52
93.90
92.95
13.09
52.79
11.84
42.52
28.71
71.38
50.57
69.82
9.94
44.55
86.88
35.12
97.83
93.94
67.81
41.79
62.48
77.36
56.18
53.30
28.18
24.48
29.71
80.23
23.17
16.58
72.91
29.51
75.18
0.56
75.33
63.29
98.82
96.09
71.48
62.94
41.49
4.43
24.87
34.93
13.84
81.16
26.81
87.20
99.84
41.67
22.47
67.79
53.32
49.86
99.35
96.36
28.05
57.95
6.28
85.58
51.62
84.68
30.67
33.52
8.93
25.89
54.74
83.95
45.76
18.97
80.41
83.94
59.73
55.56
52.45
37.45
5.69
51.93
81.43
87.50
63.32
80.45
12.66
19.26
89.77
8.94
21.91
38.07
22.89
82.39
67.16
10.81
62.06
59.81
25.78
69.50
82.79
45.05
59.50
96.05
56.47
49.53
68.13
46.26
9.23
99.93
27.68
75.48
85.31
69.85
57.13
25.33
12.27
48.64
71.84
17.45
34.42
75.36
28.37
81.80
57.43
66.16
21.78
59.97
99.17
34.88
2.24
91.36
85.92
89.60
6.79
63.56
15.30
38.74
29.15
83.24
81.75
57.55
25.48
9.12
1.11
89.96
27.55
68.92
41.31
6.39
74.47
0.25
40.50
70.88
98.44
17.26
9.56
96.58
12.53
9.18
45.91
55.59
26.30
94.69
9.53
69.32
34.35
82.64
76.78
82.33
56.73
62.50
53.45
31.80
63.04
94.74
13.00
11.92
99.36
71.09
13.35
63.83
93.87
21.36
35.23
17.07
72.85
32.85
59.06
37.69
50.02
4.56
65.94
93.42
23.66
28.60
29.03
45.92
5.83
69.67
57.43
23.03
38.12
34.89
90.34
73.06
61.69
96.75
44.38
68.40
85.28
97.26
74.43
90.52
83.68
75.17
0.20
57.78
32.46
86.87
86.92
67.33
83.15
53.56
28.02
38.44
31.52
69.37
53.95
39.20
48.00
78.45
31.83
14.97
77.39
83.33
54.44
77.14
39.46
16.49
37.89
99.88
68.14
2.66
16.20
3.57
1.59
19.58
93.72
40.10
39.48
0.30
35.58
86.05
18.95
10.80
18.24
8.93
81.75
14.96
32.03
62.79
49.25
65.93
47.14
39.19
86.03
2.77
54.51
33.75
63.69
11.41
76.63
50.29
81.23
10.64
80.52
95.80
18.82
86.08
18.94
57.19
47.25
13.05
18.63
15.87
41.90
64.77
3.09
50.46
33.60
54.08
17.19
2.05
70.29
93.90
4.01
74.81
61.84
26.85
4.79
79.30
31.15
61.39
65.05
45.53
53.31
30.96
58.90
44.66
59.86
92.18
73.44
92.45
74.41
79.01
40.01
97.26
47.54
17.60
7.11
26.75
89.68
43.60
87.41
91.16
50.60
39.24
20.15
82.85
88.79
15.45
99.54
43.47
30.30
63.56
75.69
56.38
57.13
33.60
32.70
8.28
27.34
82.01
4.64
71.72
15.52
80.33
83.28
73.44
35.24
66.20
74.28
31.49
84.66
7.15
2.41
21.20
79.11
82.15
70.70
74.53
97.75
41.39
90.99
88.87
85.03
28.38
51.09
62.25
33.06
62.42
83.58
89.82
36.46
60.18
6.17
40.57
58.40
57.57
83.32
9.85
71.49
48.41
2.95
49.62
12.07
60.26
63.57
76.24
1.71
71.92
19.21
47.50
49.18
20.57
1.16
49.23
4.24
23.09
86.83
46.96
49.34
86.48
74.44
9.04
43.17
18.57
96.99
67.68
54.40
63.46
28.26
58.47
97.29
3.12
70.34
97.83
72.80
42.30
55.36
2.54
38.35
45.47
20.71
9.08
76.63
39.88
37.84
21.36
28.85
61.95
33.79
89.68
98.11
6.00
39.86
41.77
15.05
44.39
