62.53
79.90
27.72
21.46
61.01
40.14
70.70
73.80
9.81
19.32
22.14
38.11
89.66
54.38
78.75
98.25
42.34
89.01
58.66
89.78
6.42
45.43
72.48
7.14
58.28
87.71
1.55
62.14
77.64
1.59
77.63
25.02
73.14
64.36
28.19
43.46
30.37
25.46
24.44
43.54
98.89
3.31
83.87
64.51
6.20
99.57
93.44
72.31
39.28
23.01
54.56
30.70
64.38
43.85
43.01
11.10
24.43
92.94
23.62
0.79
63.89
63.14
44.42
2.12
9.19
26.01
10.89
24.92
4.29
33.15
96.61
7.04
22.57
32.86
34.67
29.79
87.42
28.07
48.24
84.45
28.74
64.76
65.43
67.84
26.28
83.76
73.07
16.24
50.56
1.63
93.07
83.26
9.82
25.56
31.49
43.51
55.07
51.06
76.50
85.89
77.96
57.27
33.85
62.20
29.71
13.62
5.70
17.48
40.34
28.68
21.29
85.10
17.33
86.54
95.27
17.52
21.54
18.45
11.22
67.29
91.56
88.99
47.10
63.80
75.98
77.38
41.51
66.60
14.81
37.94
84.32
72.84
80.63
4.86
21.72
25.62
78.54
80.58
77.92
46.14
47.22
31.43
28.57
45.14
55.92
80.38
83.44
20.07
82.76
83.46
63.36
38.75
2.14
60.29
85.80
22.26
40.84
92.75
95.16
54.40
19.14
24.70
76.03
14.88
78.33
17.30
34.39
59.83
29.81
29.88
81.62
1.97
56.76
37.19
87.12
31.69
73.08
26.93
73.90
85.94
57.32
92.37
6.15
40.26
75.07
48.41
47.02
6.56
47.45
55.99
18.94
12.17
51.05
1.97
65.59
24.25
6.66
75.94
51.08
19.32
88.48
8.16
4.97
73.86
3.59
49.78
58.28
81.44
35.90
47.27
14.91
42.97
88.57
16.35
62.31
38.99
54.82
9.07
62.88
13.97
90.95
75.81
12.13
98.06
12.74
31.77
92.20
52.96
9.52
85.85
10.69
51.73
36.71
43.18
36.77
79.67
93.82
35.33
51.13
44.75
16.78
61.62
49.64
85.74
62.71
36.84
12.43
1.42
60.34
51.26
96.15
76.52
25.71
49.50
57.44
77.62
44.31
8.96
36.79
8.29
44.71
29.33
65.38
67.31
38.52
66.45
17.90
95.05
58.65
46.69
57.76
91.72
16.71
48.52
55.42
63.28
32.70
71.88
94.17
96.93
74.15
38.66
39.12
91.32
1.09
68.05
16.97
74.07
32.90
22.84
5.79
16.45
85.45
73.59
97.21
70.86
31.59
77.35
20.08
81.01
95.80
34.71
82.40
85.62
68.32
62.09
64.13
82.88
54.77
61.25
54.71
14.21
48.42
65.04
17.98
22.78
22.93
20.13
33.87
86.84
0.97
56.20
57.39
2.61
75.01
60.01
59.64
17.44
6.78
56.53
76.77
47.80
28.71
52.64
43.46
56.62
91.61
16.44
19.51
90.65
58.47
53.46
14.62
42.67
5.98
72.31
31.41
27.03
2.00
29.71
56.81
67.15
4.14
83.11
77.35
66.97
42.91
30.04
77.78
59.33
48.14
50.92
46.20
7.16
8.01
28.42
56.47
57.89
91.16
10.61
49.39
88.31
31.79
75.01
70.60
39.62
47.15
65.93
78.84
62.54
57.25
26.52
28.26
58.06
64.43
76.68
66.41
93.38
84.24
24.49
61.09
30.82
66.35
75.80
22.43
25.94
89.82
19.53
80.27
98.04
84.49
88.21
43.65
85.71
26.89
98.86
53.23
87.40
4.08
86.08
78.44
68.88
8.09
99.09
7.74
75.45
85.76
22.86
15.65
75.02
50.49
21.91
83.06
2.77
3.29
89.63
14.36
45.91
22.25
30.99
27.85
55.04
86.45
97.75
64.15
0.25
46.63
29.68
3.74
95.17
43.10
87.31
62.91
93.41
93.83
94.96
49.11
35.61
73.42
69.90
12.73
97.50
84.85
88.13
62.37
84.69
0.45
10.42
44.82
32.82
24.24
10.09
24.22
89.02
90.12
67.23
23.79
2.16
49.58
69.96
67.45
92.17
38.04
43.95
97.77
93.06
30.48
83.74
1.23
58.74
65.13
69.55
40.14
84.57
82.75
40.35
88.63
96.21
22.39
60.61
2.88
2.40
92.93
44.96
40.84
33.36
73.46
59.15
15.62
71.39
6.23
82.08
7.51
62.26
79.56
19.53
80.73
38.19
26.35
68.29
69.38
65.84
11.86
15.34
41.57
19.71
69.70
11.72
53.94
23.98
91.79
53.61
52.35
68.51
19.55
26.39
23.98
10.78
29.08
36.19
66.90
79.32
86.22
27.84
67.54
51.43
86.61
70.64
72.09
34.22
67.31
67.58
14.67
91.66
92.71
46.61
7.21
97.29
77.01
84.17
83.84
18.62
89.56
42.51
65.84
76.24
50.15
72.33
96.72
4.78
34.95
65.65
57.77
12.61
0.05
7.91
87.85
3.76
32.48
4.21
92.96
66.80
35.37
39.45
14.68
98.04
86.86
77.70
61.28
22.16
53.31
61.35
91.73
89.21
24.13
44.99
60.84
21.28
95.86
76.17
99.59
46.98
90.03
63.74
56.61
56.10
61.96
80.41
43.44
50.69
68.33
54.20
82.82
7.33
27.46
92.76
21.56
43.45
32.85
76.83
6.36
29.11
62.71
3.70
93.85
40.86
97.34
12.72
18.39
24.00
11.41
8.97
52.29
38.94
31.74
86.58
85.75
51.94
6.17
53.59
67.63
94.17
85.27
83.08
30.85
91.15
53.38
59.56
25.08
79.95
49.68
52.43
85.91
45.10
7.62
49.54
68.15
49.56
8.92
22.62
67.55
0.21
79.74
97.06
81.20
36.34
99.36
34.38
22.92
91.61
68.00
66.31
99.74
91.27
43.99
84.62
43.08
95.27
22.97
25.84
64.67
91.34
14.76
45.00
42.32
8.99
35.79
43.47
85.45
44.66
69.57
64.77
47.48
65.16
93.91
81.12
54.49
0.90
6.55
91.68
5.10
16.32
76.40
75.73
0.03
54.30
15.15
33.95
79.39
42.54
20.56
6.26
24.60
93.00
31.67
55.30
34.06
64.40
67.80
40.64
18.21
99.14
66.66
58.31
93.08
18.29
80.14
76.33
26.40
54.50
47.44
96.21
15.25
42.31
98.31
50.36
26.56
60.54
38.13
12.81
87.82
11.43
66.00
53.78
78.23
59.51
94.25
98.53
86.77
95.48
48.92
5.92
83.36
2.33
65.49
61.75
27.25
39.98
46.06
24.84
16.44
21.82
75.00
66.24
11.19
37.07
22.16
49.10
59.55
94.10
66.70
44.62
36.24
6.19
31.91
80.63
58.46
50.74
14.79
98.49
37.65
21.47
80.96
48.75
14.60
64.49
72.82
87.21
25.74
50.00
26.31
42.56
31.59
65.06
48.02
13.81
8.72
52.35
83.32
46.52
39.04
20.08
71.36
91.86
46.54
48.79
30.79
89.69
20.36
11.23
29.55
64.06
94.70
34.07
91.91
78.28
66.04
85.07
76.07
83.84
95.04
28.98
39.65
78.98
5.65
8.19
45.75
26.64
8.07
69.83
7.64
41.12
50.17
38.01
72.72
12.95
35.72
41.42
6.35
40.55
83.06
75.01
19.76
96.89
39.27
14.11
54.87
71.79
77.11
87.23
6.50
85.12
31.04
84.54
0.94
54.28
13.57
47.19
85.36
95.47
82.05
2.65
29.40
44.25
16.94
2.99
32.61
50.37
37.13
78.60
88.99
98.34
90.03
65.24
63.98
65.41
36.31
38.77
86.17
27.01
98.26
70.17
83.80
77.40
86.47
93.73
53.65
84.66
35.66
67.90
62.62
40.42
51.08
58.88
63.81
68.50
73.76
51.08
34.38
30.98
51.60
82.72
91.13
79.27
81.46
10.94
92.33
1.70
10.70
86.35
75.26
48.08
24.50
47.40
82.78
49.44
3.52
80.24
67.03
11.65
23.32
43.81
13.32
5.89
76.22
12.04
14.73
15.78
2.96
75.66
20.06
17.50
25.97
69.97
98.26
39.95
70.32
29.48
19.23
25.67
28.98
92.84
53.25
29.08
31.98
50.22
35.79
57.19
36.48
35.93
32.24
41.12
44.00
32.06
84.22
25.68
32.48
96.68
71.91
49.94
39.60
57.18
49.40
46.25
14.64
8.47
82.11
54.52
67.50
56.59
73.19
81.76
51.32
16.40
19.28
92.43
97.23
98.52
65.97
37.95
78.33
35.80
38.86
4.77
59.43
59.39
69.12
21.41
35.21
30.12
51.63
88.19
51.54
19.92
25.15
0.17
84.95
65.59
0.72
47.19
72.48
67.51
23.68
85.64
21.56
96.48
45.10
26.07
44.71
80.21
80.96
29.19
53.46
48.84
86.84
63.32
87.88
70.99
90.10
95.76
28.67
92.01
41.58
72.99
64.21
69.78
99.37
86.14
54.43
40.38
44.82
23.31
90.87
0.99
25.00
76.33
9.22
42.75
5.58
31.05
20.66
12.14
88.99
14.80
77.12
85.92
88.02
88.81
42.67
86.04
74.50
82.53
83.27
52.74
74.46
55.35
67.29
92.17
53.37
83.84
64.79
53.88
33.71
12.80
65.17
32.96
26.10
34.67
15.57
99.85
26.37
56.88
46.68
71.52
59.17
86.32
34.03
14.06
7.86
56.34
65.05
70.05
16.93
68.54
83.47
49.26
28.44
23.75
82.41
75.96
58.10
56.53
22.59
34.70
77.96
93.63
0.45
1.93
80.73
70.51
14.46
44.60
51.13
37.71
44.08
60.21
86.73
20.94
51.04
73.77
21.74
86.14
34.06
33.05
82.45
70.85
69.23
2.76
86.22
58.67
60.34
81.75
59.40
1.14
77.18
7.76
3.19
59.74
32.49
76.78
66.09
45.19
58.80
22.43
10.34
40.31
34.90
46.14
51.98
95.18
48.10
11.16
43.12
69.59
40.29
72.49
0.15
18.19
88.07
66.11
16.62
66.42
49.26
82.88
45.73
60.03
78.68
76.64
2.62
36.11
16.23
66.57
69.26
66.29
61.30
66.05
46.09
12.26
5.54
2.98
11.88
55.89
38.14
69.47
88.28
28.22
0.87
68.96
42.66
73.58
82.21
78.02
36.85
87.61
7.65
89.55
98.49
15.06
59.71
48.51
63.87
31.33
34.05
69.19
26.55
50.86
37.75
87.51
50.68
29.15
89.42
8.32
6.10
16.08
84.16
51.49
3.42
29.71
44.17
8.08
9.64
2.99
24.69
65.99
86.47
66.55
94.05
20.68
77.57
66.61
86.53
74.42
38.68
13.52
87.05
62.46
13.69
19.03
7.65
23.98
45.31
57.24
94.87
7.00
45.91
9.03
73.85
14.67
93.43
35.02
59.81
52.30
68.26
83.60
33.92
14.16
90.90
84.72
70.13
56.28
53.27
67.48
12.17
6.17
65.72
15.89
22.55
61.65
80.02
20.12
0.49
52.46
24.42
66.05
25.02
93.36
30.21
58.36
58.72
81.64
91.97
35.73
91.15
9.36
94.73
25.80
53.18
52.86
2.24
38.22
94.29
4.22
68.46
7.09
19.01
93.67
61.86
93.79
35.97
6.18
93.37
75.53
67.52
61.00
25.85
81.18
74.24
52.74
76.98
53.89
41.53
34.02
80.17
90.73
41.70
62.52
3.31
48.29
20.57
9.71
90.32
50.29
49.15
40.02
51.35
86.86
45.13
33.31
24.96
26.63
46.11
69.86
57.50
92.24
55.61
36.35
2.07
56.27
86.37
55.18
56.76
83.03
67.98
32.03
66.39
62.01
6.96
30.39
23.11
54.15
61.25
33.95
42.52
18.72
14.21
33.09
68.71
59.43
5.13
66.71
40.10
35.57
4.10
24.42
87.59
59.77
7.21
48.66
23.30
36.10
48.68
67.33
59.36
59.98
3.00
39.62
69.17
71.96
30.17
27.36
16.42
49.01
20.01
63.57
91.43
59.47
2.94
97.13
95.91
25.04
59.30
83.84
51.80
40.17
27.53
50.74
15.97
62.54
17.12
65.03
44.71
11.32
66.02
55.71
61.33
71.68
46.24
18.99
80.69
24.05
95.39
69.04
64.30
61.89
92.95
92.27
57.23
10.88
4.15
92.44
16.46
37.41
1.95
92.91
20.88
93.43
80.08
89.25
97.20
40.79
1.54
24.12
11.92
29.35
62.26
26.73
66.45
96.47
78.76
91.36
74.70
39.43
21.21
3.31
44.17
86.48
4.43
5.65
18.14
27.62
59.54
4.25
9.95
27.86
68.18
26.27
5.91
63.71
48.48
88.35
24.06
94.26
19.36
89.76
7.57
27.81
44.48
57.88
11.25
35.25
96.37
55.42
14.80
55.38
57.72
8.87
92.94
62.30
88.70
50.50
68.81
70.06
94.07
2.44
86.05
89.54
46.01
8.20
18.60
94.91
20.34
15.15
42.46
73.04
88.51
44.62
73.19
84.17
68.76
85.02
59.63
98.24
33.66
0.39
85.19
41.54
67.55
92.07
13.18
54.20
1.25
9.40
31.12
31.49
3.32
76.85
26.22
19.89
63.12
3.41
77.61
37.79
8.33
59.67
51.35
64.53
87.99
24.40
60.10
21.47
76.33
60.47
99.84
37.28
21.24
79.72
17.64
58.55
89.71
54.39
10.89
74.82
42.83
16.98
27.94
42.03
56.32
35.05
81.05
17.19
58.21
9.19
7.41
40.44
87.83
16.25
76.30
31.79
10.41
28.89
20.51
0.39
56.83
76.34
39.12
14.50
6.93
36.06
78.71
62.93
1.22
72.58
85.85
2.72
14.49
41.30
98.77
90.36
48.68
76.35
87.67
17.39
86.87
86.66
79.78
9.67
76.82
28.88
46.94
31.54
11.17
95.02
64.53
15.02
80.96
77.84
36.41
75.55
61.44
0.93
20.63
24.23
9.39
33.56
79.94
29.15
74.02
78.95
86.49
53.40
63.00
10.00
61.98
35.15
70.77
36.60
2.49
78.01
10.56
71.39
83.93
99.78
66.94
71.97
67.62
88.95
43.87
57.07
43.76
27.32
60.98
40.86
97.37
1.90
35.44
36.15
96.66
63.03
96.65
41.21
39.89
29.56
80.28
48.53
14.40
61.36
3.29
98.54
21.16
37.67
78.81
0.40
5.22
10.23
83.42
26.22
26.71
9.08
18.94
5.83
22.13
16.04
36.96
54.25
31.16
57.92
93.11
27.40
56.55
27.29
25.65
69.06
33.90
8.13
45.58
65.79
53.45
93.66
76.09
44.93
59.17
96.26
87.57
25.49
87.40
42.63
30.40
78.47
6.68
99.27
81.02
68.04
62.15
82.72
28.17
2.26
64.07
63.90
72.77
14.50
34.14
98.64
70.64
1.54
12.43
94.44
1.69
23.93
25.29
44.96
88.60
26.95
60.62
18.38
11.11
79.42
32.53
88.68
50.31
6.61
56.45
31.86
94.34
29.32
1.65
36.06
39.54
66.95
23.96
1.88
24.60
17.87
17.37
67.06
51.88
97.49
6.67
80.87
48.49
64.88
4.10
21.13
72.86
98.80
8.05
83.94
3.84
82.07
39.21
38.70
18.58
91.01
99.66
29.19
44.48
73.42
99.13
85.09
9.39
85.60
5.42
95.67
52.43
20.74
1.76
62.58
97.34
65.32
41.44
30.96
57.17
62.31
71.08
48.76
36.02
69.19
33.00
93.95
52.94
35.31
20.71
9.30
9.13
28.62
25.14
2.75
13.39
84.47
99.59
30.22
47.60
9.69
57.82
70.65
29.08
52.55
67.51
24.14
47.59
52.86
26.07
3.71
95.96
88.48
87.19
20.02
12.32
89.78
65.22
45.96
80.10
74.34
69.49
44.44
70.78
90.82
68.04
72.15
65.76
24.12
73.08
25.33
90.38
48.65
5.46
88.76
99.18
80.32
6.08
4.51
13.49
69.98
33.58
49.64
93.92
67.91
98.54
66.03
1.06
45.67
19.15
51.50
39.98
55.85
9.42
53.52
3.50
68.20
54.15
7.55
70.31
59.14
32.72
81.36
75.77
4.46
32.91
36.40
82.23
64.16
2.37
73.99
29.67
87.45
54.28
5.21
57.18
61.02
38.54
69.10
88.26
83.58
28.00
67.61
44.53
67.25
45.56
21.01
94.89
1.48
62.24
85.87
93.30
99.28
59.61
83.60
70.00
2.07
82.19
39.74
87.93
67.46
30.54
66.83
52.84
78.78
79.84
82.14
51.06
45.39
15.86
43.61
74.65
7.22
52.65
42.36
61.41
97.03
91.64
2.13
51.88
3.55
61.41
78.03
49.58
99.14
58.28
19.18
36.08
25.76
5.35
44.58
72.18
53.09
35.54
7.80
77.67
38.22
23.97
15.59
60.71
18.37
0.38
49.52
9.20
35.05
80.52
94.48
46.30
31.84
30.90
50.64
96.01
57.61
10.30
38.67
61.62
19.20
6.94
77.35
94.50
68.48
57.51
18.99
40.33
43.40
32.66
42.83
6.87
20.41
74.88
87.22
42.21
81.10
10.16
47.26
86.15
40.51
64.00
26.14
91.66
27.99
4.00
62.58
43.10
7.08
77.95
25.57
67.39
0.24
48.40
82.41
44.21
77.52
54.34
47.92
90.92
8.75
42.38
32.26
54.17
71.41
48.03
36.83
70.07
40.58
53.43
19.95
30.87
12.52
71.00
15.77
18.49
42.19
12.97
41.96
29.52
25.05
40.89
2.56
84.43
90.97
39.02
1.08
35.54
39.91
72.84
10.37
0.63
44.98
59.44
3.55
29.45
75.63
15.73
61.76
15.45
80.88
88.69
94.60
92.48
12.05
73.16
48.97
65.82
13.35
74.18
6.02
12.12
84.79
31.86
10.52
9.84
97.97
73.45
61.73
69.23
82.68
71.54
24.69
67.28
21.26
42.74
75.74
44.08
84.35
75.16
72.95
16.53
35.65
9.82
38.16
35.64
66.49
11.78
46.27
44.44
65.48
94.41
69.34
51.03
59.86
51.31
6.69
50.15
15.97
8.45
38.21
36.01
56.25
81.99
22.16
9.80
63.91
15.70
48.45
27.93
46.85
43.44
12.34
84.21
91.07
35.06
90.03
51.58
93.46
56.49
49.32
63.55
1.98
1.43
61.84
2.05
5.71
27.05
78.04
6.89
94.76
67.48
22.85
3.97
41.52
53.00
75.43
1.87
89.22
64.08
23.57
51.68
29.45
76.55
49.42
1.79
21.61
52.23
71.17
85.88
96.89
97.85
98.51
75.26
33.18
84.06
30.85
92.34
11.90
85.61
71.31
68.59
66.13
38.86
31.50
77.86
25.48
22.44
29.79
33.85
91.04
42.50
54.58
3.81
20.14
14.79
55.64
87.50
28.41
51.66
49.04
79.96
54.84
73.36
63.79
35.79
75.38
61.03
72.31
0.23
68.77
94.38
90.91
96.10
85.83
34.83
53.91
77.80
2.36
80.29
80.96
68.34
92.07
75.61
51.09
59.62
93.90
42.54
53.69
38.75
32.51
6.51
60.73
62.02
92.27
61.21
38.83
62.32
98.59
60.84
79.33
12.42
82.22
25.87
56.57
72.15
65.23
5.27
96.35
57.88
66.71
3.99
52.24
57.43
28.33
32.44
94.14
68.63
22.56
56.22
11.43
19.98
50.88
32.88
92.56
47.24
8.18
0.52
72.03
72.78
43.77
11.29
94.93
60.15
17.86
83.28
6.88
49.88
94.22
44.56
60.49
68.62
75.50
3.25
63.92
0.40
50.57
64.09
0.66
74.20
62.99
22.37
0.59
64.38
11.84
57.86
34.24
85.34
43.21
6.41
56.23
95.81
31.35
27.02
52.12
49.89
91.88
23.74
14.38
61.22
32.98
12.10
60.46
36.40
95.98
20.72
23.11
48.57
59.63
91.35
6.66
3.13
97.78
93.86
27.54
96.71
38.52
99.76
46.80
71.72
24.52
23.80
28.42
31.72
39.17
83.93
45.15
73.10
7.88
76.71
65.65
56.60
62.36
57.34
91.84
14.15
40.80
7.71
38.70
3.21
88.63
17.64
97.60
81.20
66.44
31.31
15.99
41.53
52.35
56.82
45.54
3.37
51.07
82.89
36.69
0.68
84.38
28.80
20.82
82.53
83.11
49.86
18.06
62.25
64.20
17.96
96.58
70.37
98.91
93.28
91.17
1.04
85.94
69.11
3.80
69.53
47.04
18.49
2.86
70.31
76.71
70.31
71.65
95.61
37.32
84.02
23.03
18.97
69.69
10.49
44.16
90.18
93.34
79.44
32.27
39.93
5.36
3.89
96.48
0.86
0.58
55.32
2.77
39.37
93.98
65.00
22.28
76.32
63.84
0.72
67.45
68.82
17.38
88.56
55.58
57.39
18.94
28.11
4.54
87.36
46.92
62.01
25.46
12.41
39.35
1.96
75.00
11.52
23.34
59.58
16.77
6.88
59.38
37.72
4.79
25.10
44.74
92.44
88.72
42.69
25.00
24.65
62.37
68.42
5.98
77.40
32.81
39.43
16.64
57.31
97.30
38.95
21.32
